1826 1001
1420 1002
2134 1003
3400 1004
349 1005
3371 1006
15 1007
3230 1008
3671 1009
1046 1010
2740 1011
3042 1012
1009 1013
1719 1014
536 1015
2451 1016
289 1017
1056 1018
2530 1019
2284 1020
2085 1021
280 1022
1268 1023
2886 1024
3826 1025
3445 1026
3384 1027
1617 1028
317 1029
1970 1030
1693 1031
1335 1032
3880 1033
903 1034
1370 1035
2348 1036
2077 1037
1300 1038
2929 1039
2632 1040
2981 1041
2973 1042
3532 1043
445 1044
1694 1045
1974 1046
3328 1047
1916 1048
1450 1049
3492 1050
1236 1051
345 1052
3791 1053
342 1054
3877 1055
2835 1056
70 1057
3166 1058
2168 1059
3345 1060
3490 1061
813 1062
1729 1063
1399 1064
1758 1065
88 1066
44 1067
3186 1068
2866 1069
1666 1070
1600 1071
3064 1072
949 1073
1079 1074
2561 1075
3487 1076
1992 1077
2124 1078
1211 1079
441 1080
1082 1081
2620 1082
2513 1083
305 1084
68 1085
919 1086
1490 1087
196 1088
1863 1089
3819 1090
3878 1091
2976 1092
2735 1093
52 1094
798 1095
3024 1096
2840 1097
3317 1098
437 1099
62 1100
1929 1101
3788 1102
2338 1103
3741 1104
2163 1105
2062 1106
1324 1107
422 1108
3885 1109
2306 1110
176 1111
2397 1112
2689 1113
918 1114
3929 1115
3414 1116
1152 1117
1997 1118
1612 1119
2606 1120
662 1121
2330 1122
3018 1123
1198 1124
1333 1125
2221 1126
3456 1127
3203 1128
3033 1129
2022 1130
3093 1131
1648 1132
3678 1133
1176 1134
1663 1135
1073 1136
1891 1137
1610 1138
491 1139
1898 1140
2215 1141
1278 1142
1419 1143
3306 1144
337 1145
1609 1146
2174 1147
2804 1148
2789 1149
354 1150
567 1151
527 1152
1589 1153
1739 1154
1939 1155
2323 1156
2500 1157
1508 1158
2946 1159
2692 1160
2544 1161
3505 1162
2830 1163
435 1164
3807 1165
3257 1166
529 1167
3796 1168
2046 1169
521 1170
3433 1171
3755 1172
3769 1173
2733 1174
2598 1175
3434 1176
1379 1177
2352 1178
1431 1179
957 1180
3764 1181
528 1182
2193 1183
1234 1184
3243 1185
3635 1186
3562 1187
1132 1188
3652 1189
2005 1190
272 1191
3780 1192
2103 1193
1125 1194
3535 1195
3544 1196
3917 1197
2721 1198
2208 1199
3567 1200
971 1201
1296 1202
113 1203
75 1204
2736 1205
3163 1206
3107 1207
1895 1208
5 1209
3094 1210
1061 1211
312 1212
3440 1213
3945 1214
3782 1215
688 1216
1659 1217
2577 1218
867 1219
1242 1220
220 1221
2762 1222
2136 1223
3931 1224
577 1225
564 1226
1340 1227
1284 1228
3076 1229
1529 1230
9 1231
1265 1232
3508 1233
851 1234
2409 1235
3089 1236
923 1237
2837 1238
2024 1239
3488 1240
1060 1241
59 1242
2767 1243
376 1244
3103 1245
2911 1246
718 1247
1782 1248
140 1249
2903 1250
1123 1251
3718 1252
2725 1253
1542 1254
172 1255
980 1256
408 1257
1641 1258
1279 1259
1569 1260
2759 1261
2851 1262
3428 1263
1979 1264
3690 1265
1922 1266
12 1267
2482 1268
201 1269
1006 1270
2105 1271
898 1272
3020 1273
915 1274
3318 1275
3627 1276
3408 1277
3806 1278
2713 1279
3724 1280
910 1281
2340 1282
1277 1283
2345 1284
2985 1285
2017 1286
1654 1287
2799 1288
1942 1289
1422 1290
230 1291
2639 1292
2233 1293
3640 1294
3238 1295
2463 1296
561 1297
1329 1298
355 1299
2454 1300
1631 1301
3032 1302
1292 1303
2575 1304
410 1305
2082 1306
3129 1307
1080 1308
2070 1309
2675 1310
2774 1311
1955 1312
3790 1313
2810 1314
73 1315
1171 1316
2539 1317
984 1318
1910 1319
3198 1320
1219 1321
89 1322
986 1323
35 1324
3546 1325
3343 1326
2751 1327
1243 1328
3721 1329
3928 1330
1026 1331
3593 1332
627 1333
1894 1334
1489 1335
1436 1336
708 1337
2597 1338
700 1339
1614 1340
2533 1341
2979 1342
3073 1343
997 1344
715 1345
3154 1346
1372 1347
3158 1348
1197 1349
2133 1350
222 1351
3479 1352
3926 1353
2144 1354
2246 1355
1664 1356
2691 1357
2206 1358
3804 1359
3934 1360
3329 1361
3303 1362
3165 1363
2864 1364
2475 1365
1167 1366
3792 1367
1398 1368
1644 1369
2699 1370
833 1371
2408 1372
874 1373
875 1374
3799 1375
719 1376
1901 1377
1246 1378
841 1379
1016 1380
731 1381
434 1382
1163 1383
2824 1384
2399 1385
2137 1386
2768 1387
3480 1388
494 1389
438 1390
1210 1391
779 1392
2651 1393
3188 1394
3250 1395
3214 1396
1312 1397
2764 1398
288 1399
2278 1400
2745 1401
863 1402
765 1403
3843 1404
1911 1405
3668 1406
3680 1407
3746 1408
2625 1409
539 1410
2570 1411
3204 1412
2410 1413
3673 1414
2754 1415
3283 1416
1407 1417
809 1418
2461 1419
2275 1420
2195 1421
2048 1422
3475 1423
1702 1424
1255 1425
2450 1426
2060 1427
38 1428
3040 1429
938 1430
3867 1431
552 1432
3457 1433
2858 1434
2870 1435
1598 1436
1899 1437
2827 1438
1459 1439
2826 1440
2498 1441
902 1442
2705 1443
1507 1444
2859 1445
2121 1446
2808 1447
2081 1448
1673 1449
29 1450
958 1451
2402 1452
3489 1453
2876 1454
2307 1455
2090 1456
486 1457
3674 1458
121 1459
1519 1460
3808 1461
3182 1462
3801 1463
1854 1464
2636 1465
65 1466
1185 1467
2599 1468
1906 1469
882 1470
3350 1471
2602 1472
3604 1473
3809 1474
1191 1475
3686 1476
799 1477
1721 1478
1760 1479
742 1480
3192 1481
274 1482
204 1483
3639 1484
2155 1485
2551 1486
1366 1487
2301 1488
32 1489
806 1490
1798 1491
338 1492
2614 1493
2188 1494
1097 1495
2010 1496
436 1497
3245 1498
929 1499
3528 1500
2028 1501
3002 1502
213 1503
2135 1504
3520 1505
702 1506
1570 1507
2447 1508
165 1509
1571 1510
3540 1511
2491 1512
2688 1513
1733 1514
1880 1515
2395 1516
2108 1517
2987 1518
295 1519
3015 1520
2723 1521
367 1522
3010 1523
1250 1524
417 1525
203 1526
1486 1527
2730 1528
3043 1529
129 1530
1322 1531
2369 1532
3706 1533
2728 1534
3091 1535
1860 1536
2631 1537
3298 1538
876 1539
1680 1540
2107 1541
2613 1542
1991 1543
3167 1544
775 1545
3302 1546
900 1547
558 1548
2203 1549
3115 1550
1667 1551
3150 1552
1 1553
3501 1554
2248 1555
1321 1556
3178 1557
1222 1558
2094 1559
357 1560
170 1561
1539 1562
3698 1563
3461 1564
3197 1565
118 1566
467 1567
2785 1568
3157 1569
3117 1570
573 1571
1264 1572
2843 1573
2596 1574
2993 1575
3251 1576
26 1577
3909 1578
2264 1579
2339 1580
585 1581
1150 1582
783 1583
3844 1584
2800 1585
2814 1586
199 1587
3293 1588
1127 1589
2642 1590
419 1591
315 1592
3217 1593
3691 1594
988 1595
2398 1596
2760 1597
1362 1598
2872 1599
166 1600
2143 1601
939 1602
3786 1603
1537 1604
1695 1605
2697 1606
2600 1607
314 1608
3248 1609
1083 1610
2089 1611
2173 1612
446 1613
17 1614
2555 1615
3051 1616
2159 1617
2152 1618
3442 1619
1502 1620
2479 1621
750 1622
3114 1623
3837 1624
1294 1625
392 1626
3696 1627
1175 1628
429 1629
517 1630
2 1631
725 1632
836 1633
3409 1634
1767 1635
2300 1636
1432 1637
2370 1638
590 1639
1440 1640
1076 1641
1148 1642
3521 1643
559 1644
2279 1645
2253 1646
2468 1647
3938 1648
2888 1649
1286 1650
266 1651
2175 1652
242 1653
992 1654
3152 1655
2520 1656
3068 1657
2499 1658
2353 1659
782 1660
2449 1661
593 1662
1405 1663
112 1664
2061 1665
2262 1666
2615 1667
48 1668
514 1669
2535 1670
2534 1671
2829 1672
2809 1673
2560 1674
3058 1675
2891 1676
505 1677
2893 1678
2509 1679
3300 1680
3774 1681
1662 1682
1515 1683
364 1684
2364 1685
1718 1686
1162 1687
2617 1688
1661 1689
1864 1690
1068 1691
1668 1692
2154 1693
1208 1694
914 1695
1433 1696
3529 1697
3727 1698
3864 1699
940 1700
2416 1701
1347 1702
2381 1703
2687 1704
570 1705
1224 1706
1425 1707
616 1708
3648 1709
1428 1710
2757 1711
824 1712
1259 1713
2494 1714
2749 1715
390 1716
1212 1717
1990 1718
1608 1719
3110 1720
1423 1721
1849 1722
549 1723
3689 1724
1199 1725
1153 1726
3474 1727
1771 1728
1679 1729
250 1730
3258 1731
3523 1732
2643 1733
961 1734
3703 1735
2446 1736
1310 1737
1355 1738
747 1739
318 1740
2075 1741
2000 1742
365 1743
2655 1744
3401 1745
100 1746
2252 1747
3606 1748
1892 1749
333 1750
1421 1751
1019 1752
432 1753
108 1754
43 1755
257 1756
804 1757
256 1758
3625 1759
3861 1760
2200 1761
1874 1762
2524 1763
1283 1764
1313 1765
2344 1766
2292 1767
2786 1768
1361 1769
1465 1770
3745 1771
3358 1772
668 1773
516 1774
944 1775
3496 1776
1984 1777
2426 1778
1154 1779
2313 1780
3912 1781
3210 1782
3014 1783
2776 1784
3846 1785
2102 1786
1069 1787
2532 1788
2063 1789
1485 1790
3506 1791
3264 1792
2191 1793
965 1794
183 1795
966 1796
2169 1797
2501 1798
869 1799
2241 1800
1231 1801
3416 1802
1918 1803
2236 1804
3162 1805
3810 1806
2126 1807
1580 1808
3035 1809
2750 1810
535 1811
3335 1812
3171 1813
2761 1814
2231 1815
1722 1816
3222 1817
2380 1818
635 1819
519 1820
3225 1821
279 1822
3399 1823
2122 1824
188 1825
3030 1826
982 1827
759 1828
3268 1829
3272 1830
1794 1831
3913 1832
3048 1833
297 1834
3320 1835
2719 1836
3531 1837
1582 1838
413 1839
2140 1840
343 1841
1241 1842
1084 1843
3296 1844
589 1845
1287 1846
1957 1847
1369 1848
2694 1849
3275 1850
554 1851
2834 1852
3070 1853
1058 1854
2296 1855
3514 1856
1410 1857
3894 1858
340 1859
736 1860
3793 1861
2574 1862
1034 1863
3646 1864
243 1865
388 1866
942 1867
1625 1868
2245 1869
263 1870
2511 1871
2839 1872
21 1873
253 1874
294 1875
864 1876
227 1877
34 1878
2190 1879
1291 1880
2266 1881
3694 1882
972 1883
2571 1884
2528 1885
1685 1886
2959 1887
2820 1888
1238 1889
424 1890
2263 1891
1835 1892
348 1893
2948 1894
596 1895
393 1896
802 1897
2912 1898
615 1899
2012 1900
1683 1901
278 1902
3060 1903
2593 1904
1770 1905
3483 1906
447 1907
240 1908
1593 1909
678 1910
2940 1911
3533 1912
30 1913
3614 1914
866 1915
1926 1916
2368 1917
145 1918
3179 1919
1924 1920
2071 1921
948 1922
3638 1923
2747 1924
2267 1925
647 1926
3951 1927
2132 1928
960 1929
3519 1930
1658 1931
2020 1932
1057 1933
1328 1934
597 1935
741 1936
3653 1937
2176 1938
2562 1939
282 1940
3180 1941
181 1942
1233 1943
1087 1944
3274 1945
260 1946
2972 1947
2280 1948
3620 1949
182 1950
1671 1951
1531 1952
3615 1953
1189 1954
1857 1955
2758 1956
3486 1957
1783 1958
2314 1959
2269 1960
2813 1961
123 1962
3066 1963
2448 1964
1396 1965
3477 1966
901 1967
3573 1968
3404 1969
1409 1970
3199 1971
2405 1972
2111 1973
292 1974
125 1975
3500 1976
128 1977
1064 1978
1872 1979
562 1980
1567 1981
2743 1982
3947 1983
3000 1984
3729 1985
1217 1986
1556 1987
2961 1988
1282 1989
1575 1990
249 1991
478 1992
846 1993
2014 1994
2377 1995
619 1996
3660 1997
2994 1998
1392 1999
2752 2000
3787 2001
477 2002
922 2003
3022 2004
3265 2005
3041 2006
1455 2007
3342 2008
167 2009
3632 2010
3143 2011
1987 2012
2388 2013
1893 2014
1098 2015
2310 2016
1825 2017
2791 2018
2559 2019
2536 2020
2581 2021
3420 2022
2072 2023
329 2024
2621 2025
2695 2026
733 2027
3873 2028
1457 2029
1930 2030
673 2031
332 2032
1967 2033
2476 2034
1358 2035
3177 2036
3667 2037
2722 2038
2900 2039
3581 2040
2243 2041
1014 2042
3916 2043
2038 2044
255 2045
3848 2046
2862 2047
3181 2048
3898 2049
2538 2050
90 2051
2430 2052
1247 2053
2568 2054
2145 2055
1726 2056
3301 2057
2057 2058
406 2059
959 2060
1086 2061
2361 2062
245 2063
2435 2064
195 2065
3235 2066
3871 2067
2616 2068
3766 2069
3756 2070
107 2071
1713 2072
381 2073
1383 2074
720 2075
2842 2076
1027 2077
427 2078
1437 2079
3008 2080
2815 2081
155 2082
3211 2083
860 2084
2545 2085
2383 2086
2964 2087
3481 2088
2916 2089
3359 2090
1472 2091
2924 2092
1041 2093
1381 2094
3072 2095
2362 2096
3206 2097
2440 2098
801 2099
2667 2100
3869 2101
512 2102
828 2103
2148 2104
3662 2105
1209 2106
543 2107
3663 2108
1873 2109
1174 2110
205 2111
2467 2112
1881 2113
3763 2114
103 2115
1449 2116
735 2117
479 2118
2971 2119
3124 2120
485 2121
3702 2122
72 2123
2690 2124
681 2125
2027 2126
1869 2127
2848 2128
251 2129
496 2130
937 2131
2678 2132
2293 2133
1935 2134
1304 2135
3510 2136
379 2137
3098 2138
341 2139
1204 2140
2294 2141
724 2142
1949 2143
3121 2144
1934 2145
3642 2146
1755 2147
453 2148
1620 2149
1194 2150
2445 2151
2139 2152
3875 2153
111 2154
3820 2155
3099 2156
3469 2157
829 2158
3427 2159
137 2160
2676 2161
2795 2162
1888 2163
235 2164
2507 2165
781 2166
3239 2167
1678 2168
1135 2169
568 2170
560 2171
906 2172
1801 2173
2160 2174
1981 2175
370 2176
2337 2177
3744 2178
3331 2179
1953 2180
3704 2181
474 2182
533 2183
1230 2184
3858 2185
553 2186
2884 2187
3357 2188
1206 2189
2197 2190
3818 2191
1807 2192
656 2193
3537 2194
3736 2195
1606 2196
3571 2197
3077 2198
66 2199
807 2200
1327 2201
617 2202
2341 2203
1466 2204
248 2205
2609 2206
2002 2207
2755 2208
246 2209
1397 2210
3870 2211
351 2212
3365 2213
1005 2214
3920 2215
161 2216
1931 2217
1011 2218
3553 2219
613 2220
2242 2221
926 2222
1587 2223
3644 2224
3473 2225
2941 2226
3491 2227
3307 2228
2067 2229
2582 2230
1124 2231
1336 2232
1503 2233
302 2234
3570 2235
3253 2236
3349 2237
3554 2238
711 2239
2931 2240
2648 2241
2860 2242
2969 2243
3700 2244
1982 2245
3454 2246
1119 2247
1999 2248
581 2249
420 2250
3952 2251
1626 2252
978 2253
3527 2254
1033 2255
3767 2256
495 2257
3246 2258
835 2259
1207 2260
2459 2261
1012 2262
141 2263
917 2264
3034 2265
3835 2266
3935 2267
2261 2268
3536 2269
3516 2270
1621 2271
2092 2272
630 2273
1099 2274
1114 2275
1677 2276
3185 2277
1180 2278
2854 2279
481 2280
2016 2281
2065 2282
1225 2283
3726 2284
3196 2285
1602 2286
2997 2287
1018 2288
1989 2289
2239 2290
3102 2291
335 2292
950 2293
3470 2294
3742 2295
455 2296
3862 2297
2890 2298
3105 2299
2167 2300
328 2301
1956 2302
3824 2303
602 2304
1945 2305
1307 2306
1203 2307
49 2308
1126 2309
2471 2310
1274 2311
3555 2312
2487 2313
2953 2314
3232 2315
2922 2316
574 2317
3324 2318
680 2319
2541 2320
1977 2321
3046 2322
618 2323
1912 2324
374 2325
3823 2326
2663 2327
1563 2328
2853 2329
1562 2330
3031 2331
1672 2332
879 2333
3271 2334
2952 2335
2156 2336
2391 2337
2943 2338
415 2339
2863 2340
661 2341
3692 2342
2488 2343
3363 2344
3845 2345
1297 2346
3148 2347
862 2348
2354 2349
3438 2350
1352 2351
1772 2352
2717 2353
3709 2354
3865 2355
2769 2356
2716 2357
3577 2358
264 2359
1251 2360
3005 2361
2117 2362
2290 2363
3770 2364
2372 2365
3893 2366
3623 2367
3930 2368
2793 2369
1532 2370
231 2371
1975 2372
3127 2373
3597 2374
502 2375
2113 2376
2465 2377
2950 2378
649 2379
3896 2380
927 2381
3273 2382
3752 2383
94 2384
2741 2385
3538 2386
1581 2387
3083 2388
1498 2389
3636 2390
2315 2391
3608 2392
3910 2393
850 2394
2714 2395
1260 2396
3834 2397
1273 2398
225 2399
215 2400
2149 2401
3612 2402
233 2403
1546 2404
526 2405
538 2406
1887 2407
423 2408
3247 2409
484 2410
2080 2411
1734 2412
3503 2413
1750 2414
1227 2415
2385 2416
3739 2417
2974 2418
2054 2419
1299 2420
3641 2421
346 2422
425 2423
1290 2424
3563 2425
3341 2426
3045 2427
409 2428
2346 2429
3504 2430
3906 2431
2989 2432
1594 2433
3574 2434
933 2435
2128 2436
1474 2437
1971 2438
1653 2439
3281 2440
3714 2441
838 2442
2474 2443
150 2444
1858 2445
3183 2446
83 2447
1267 2448
962 2449
707 2450
86 2451
709 2452
1147 2453
382 2454
3134 2455
236 2456
3425 2457
2546 2458
911 2459
2765 2460
2386 2461
550 2462
2523 2463
193 2464
1272 2465
110 2466
1263 2467
2422 2468
2847 2469
1725 2470
2618 2471
291 2472
2968 2473
2726 2474
1438 2475
262 2476
2949 2477
3263 2478
430 2479
1078 2480
216 2481
2515 2482
3857 2483
2031 2484
1445 2485
2962 2486
180 2487
239 2488
2673 2489
1071 2490
746 2491
586 2492
2496 2493
803 2494
594 2495
3219 2496
3802 2497
924 2498
3735 2499
2626 2500
3370 2501
1986 2502
37 2503
990 2504
3255 2505
3398 2506
3039 2507
595 2508
509 2509
2259 2510
885 2511
3534 2512
697 2513
1914 2514
1050 2515
2898 2516
3882 2517
974 2518
3715 2519
1151 2520
999 2521
384 2522
3891 2523
1353 2524
1547 2525
2431 2526
2885 2527
2939 2528
1538 2529
1458 2530
1395 2531
967 2532
1824 2533
76 2534
2042 2535
1003 2536
1549 2537
2951 2538
394 2539
223 2540
2748 2541
174 2542
3464 2543
3682 2544
208 2545
3133 2546
3374 2547
511 2548
1378 2549
664 2550
2131 2551
2521 2552
3664 2553
1303 2554
189 2555
132 2556
2387 2557
3082 2558
2247 2559
2303 2560
1359 2561
2709 2562
1844 2563
2766 2564
3120 2565
2421 2566
2672 2567
3128 2568
157 2569
2781 2570
2400 2571
3270 2572
3838 2573
64 2574
2456 2575
2462 2576
1809 2577
2818 2578
628 2579
1391 2580
1389 2581
3740 2582
2470 2583
2991 2584
2281 2585
3777 2586
631 2587
1131 2588
3578 2589
2770 2590
3109 2591
316 2592
2336 2593
1994 2594
3654 2595
2649 2596
2984 2597
3600 2598
1112 2599
212 2600
2312 2601
164 2602
3067 2603
1371 2604
3923 2605
2257 2606
1846 2607
2419 2608
428 2609
81 2610
1499 2611
1285 2612
991 2613
1093 2614
1258 2615
1636 2616
1201 2617
1266 2618
1965 2619
3883 2620
1647 2621
3825 2622
179 2623
1958 2624
2180 2625
1944 2626
3776 2627
716 2628
146 2629
2013 2630
1925 2631
1525 2632
3903 2633
412 2634
1223 2635
3161 2636
2093 2637
56 2638
2055 2639
2289 2640
1235 2641
3936 2642
1629 2643
3299 2644
2083 2645
1917 2646
20 2647
1735 2648
3055 2649
1331 2650
252 2651
1257 2652
1004 2653
3637 2654
648 2655
3145 2656
1645 2657
1973 2658
3087 2659
2161 2660
184 2661
2179 2662
1427 2663
3783 2664
1940 2665
3515 2666
1527 2667
2164 2668
3463 2669
2905 2670
2902 2671
2732 2672
3044 2673
40 2674
3596 2675
3830 2676
542 2677
3737 2678
1136 2679
2662 2680
3816 2681
2466 2682
1875 2683
63 2684
2918 2685
1865 2686
2366 2687
941 2688
3832 2689
1962 2690
2611 2691
22 2692
1544 2693
3634 2694
811 2695
1305 2696
2610 2697
2390 2698
3711 2699
3705 2700
3410 2701
148 2702
2423 2703
2988 2704
2099 2705
3775 2706
2181 2707
1417 2708
1533 2709
241 2710
2828 2711
3552 2712
3426 2713
1656 2714
1717 2715
3449 2716
3853 2717
2256 2718
2183 2719
475 2720
2659 2721
2098 2722
2058 2723
3683 2724
2996 2725
1113 2726
1669 2727
339 2728
621 2729
921 2730
2335 2731
493 2732
2365 2733
2318 2734
3444 2735
2078 2736
2328 2737
3175 2738
3730 2739
1769 2740
2304 2741
2550 2742
391 2743
1468 2744
389 2745
1345 2746
2894 2747
3794 2748
304 2749
2052 2750
1193 2751
3761 2752
2907 2753
2429 2754
1218 2755
407 2756
460 2757
1730 2758
2428 2759
1535 2760
1253 2761
1037 2762
1850 2763
1603 2764
156 2765
1500 2766
1164 2767
3716 2768
524 2769
2881 2770
2349 2771
2540 2772
2018 2773
386 2774
1611 2775
1213 2776
1574 2777
2778 2778
3476 2779
2518 2780
85 2781
1325 2782
3933 2783
3 2784
1749 2785
2138 2786
3386 2787
1179 2788
2227 2789
3260 2790
3525 2791
2712 2792
3026 2793
3459 2794
3768 2795
3050 2796
99 2797
3550 2798
1054 2799
837 2800
2661 2801
1523 2802
897 2803
2739 2804
778 2805
300 2806
3497 2807
955 2808
1960 2809
3836 2810
1959 2811
1520 2812
3915 2813
1454 2814
665 2815
2727 2816
1244 2817
1731 2818
2298 2819
319 2820
1862 2821
1964 2822
1947 2823
2439 2824
3805 2825
844 2826
3840 2827
3394 2828
1053 2829
3524 2830
326 2831
2977 2832
566 2833
785 2834
1655 2835
1375 2836
1049 2837
380 2838
3849 2839
1976 2840
3430 2841
433 2842
3160 2843
565 2844
3144 2845
106 2846
2775 2847
2569 2848
237 2849
588 2850
1453 2851
1777 2852
3001 2853
3549 2854
269 2855
659 2856
1390 2857
3757 2858
362 2859
2333 2860
74 2861
2923 2862
3566 2863
473 2864
1928 2865
2444 2866
2503 2867
2738 2868
2702 2869
891 2870
913 2871
3096 2872
3833 2873
1841 2874
952 2875
2650 2876
1913 2877
3677 2878
2147 2879
2249 2880
3310 2881
1613 2882
2965 2883
704 2884
3645 2885
2481 2886
541 2887
2986 2888
3173 2889
1543 2890
69 2891
1066 2892
2549 2893
2665 2894
1853 2895
920 2896
3125 2897
1342 2898
2889 2899
3308 2900
2327 2901
2945 2902
3169 2903
1183 2904
1509 2905
1903 2906
551 2907
2282 2908
1619 2909
3551 2910
710 2911
2522 2912
3569 2913
3006 2914
1687 2915
2919 2916
492 2917
293 2918
1192 2919
547 2920
996 2921
737 2922
2332 2923
3841 2924
190 2925
1480 2926
3159 2927
352 2928
3333 2929
1780 2930
1460 2931
754 2932
531 2933
2205 2934
1972 2935
1067 2936
2878 2937
764 2938
3556 2939
2351 2940
1365 2941
3728 2942
452 2943
2023 2944
3717 2945
3590 2946
3872 2947
1105 2948
2051 2949
3122 2950
2497 2951
2184 2952
47 2953
1840 2954
1674 2955
2009 2956
361 2957
490 2958
1752 2959
3262 2960
2995 2961
705 2962
449 2963
609 2964
465 2965
3108 2966
1963 2967
98 2968
173 2969
1228 2970
3432 2971
23 2972
2654 2973
3138 2974
468 2975
1762 2976
1728 2977
3287 2978
3719 2979
2641 2980
2525 2981
2548 2982
2424 2983
2201 2984
488 2985
1920 2986
886 2987
3385 2988
1298 2989
1190 2990
3900 2991
1456 2992
2019 2993
2453 2994
175 2995
3568 2996
637 2997
3266 2998
1564 2999
1442 3000
728 3001
2043 3002
3499 3003
1461 3004
3495 3005
1878 3006
563 3007
1866 3008
313 3009
1349 3010
2209 3011
904 3012
3052 3013
3860 3014
3932 3015
2125 3016
1684 3017
2928 3018
451 3019
1707 3020
3392 3021
2567 3022
2942 3023
963 3024
2850 3025
135 3026
2930 3027
322 3028
3939 3029
299 3030
2486 3031
3340 3032
3208 3033
1573 3034
2836 3035
3194 3036
3831 3037
2146 3038
3629 3039
1727 3040
3679 3041
2483 3042
2495 3043
2415 3044
3914 3045
1649 3046
1044 3047
2437 3048
2586 3049
232 3050
3610 3051
2790 3052
2585 3053
2967 3054
19 3055
1754 3056
2660 3057
2472 3058
3584 3059
2783 3060
1623 3061
1651 3062
2605 3063
2970 3064
191 3065
2831 3066
464 3067
2803 3068
1941 3069
569 3070
1633 3071
131 3072
1177 3073
1622 3074
555 3075
2096 3076
3223 3077
1876 3078
998 3079
3564 3080
3395 3081
1186 3082
1181 3083
2896 3084
2805 3085
77 3086
769 3087
3670 3088
3156 3089
3773 3090
3141 3091
3559 3092
3249 3093
2130 3094
2734 3095
3113 3096
3839 3097
219 3098
2590 3099
2873 3100
24 3101
3661 3102
238 3103
2210 3104
202 3105
2041 3106
2849 3107
3418 3108
3616 3109
2112 3110
2285 3111
2271 3112
2382 3113
2879 3114
1293 3115
2875 3116
1585 3117
1902 3118
3016 3119
3502 3120
186 3121
1995 3122
3613 3123
1351 3124
2653 3125
1393 3126
2034 3127
301 3128
3681 3129
3720 3130
1024 3131
3078 3132
2629 3133
653 3134
2334 3135
2026 3136
3784 3137
692 3138
2637 3139
1488 3140
2833 3141
598 3142
3095 3143
1117 3144
892 3145
3943 3146
57 3147
3512 3148
3090 3149
102 3150
3733 3151
2652 3152
283 3153
1936 3154
3685 3155
1584 3156
244 3157
1025 3158
2963 3159
1885 3160
1237 3161
307 3162
1306 3163
3817 3164
2915 3165
1184 3166
2036 3167
3658 3168
626 3169
3619 3170
669 3171
525 3172
3588 3173
1240 3174
3118 3175
330 3176
1377 3177
575 3178
2852 3179
1632 3180
1288 3181
10 3182
1479 3183
2701 3184
2021 3185
2006 3186
3176 3187
888 3188
3025 3189
18 3190
3116 3191
2772 3192
296 3193
254 3194
583 3195
2608 3196
2883 3197
3594 3198
277 3199
2029 3200
1376 3201
2329 3202
667 3203
2032 3204
2715 3205
3879 3206
510 3207
3494 3208
470 3209
3789 3210
163 3211
187 3212
1554 3213
1604 3214
3037 3215
2363 3216
2457 3217
1583 3218
3940 3219
3747 3220
1281 3221
611 3222
2746 3223
2978 3224
3153 3225
2123 3226
1168 3227
2982 3228
1344 3229
1686 3230
96 3231
2115 3232
2573 3233
2114 3234
501 3235
1983 3236
2640 3237
3441 3238
1938 3239
993 3240
2025 3241
3201 3242
1205 3243
2373 3244
2658 3245
2729 3246
2384 3247
2378 3248
3429 3249
698 3250
3701 3251
610 3252
1280 3253
3368 3254
469 3255
1829 3256
506 3257
2389 3258
3104 3259
3918 3260
2552 3261
3004 3262
3190 3263
907 3264
101 3265
1833 3266
685 3267
271 3268
912 3269
3526 3270
3259 3271
3785 3272
3452 3273
2015 3274
1128 3275
3697 3276
3599 3277
2116 3278
546 3279
504 3280
3101 3281
788 3282
671 3283
3056 3284
1805 3285
2504 3286
786 3287
2443 3288
1089 3289
3813 3290
426 3291
3884 3292
482 3293
2926 3294
258 3295
1380 3296
2817 3297
2411 3298
670 3299
2442 3300
8 3301
1178 3302
2118 3303
3902 3304
2321 3305
2737 3306
2204 3307
2656 3308
3184 3309
2283 3310
3038 3311
359 3312
1261 3313
149 3314
1311 3315
2816 3316
3643 3317
1354 3318
2624 3319
457 3320
466 3321
2288 3322
2158 3323
1487 3324
810 3325
3539 3326
2406 3327
1551 3328
3863 3329
854 3330
2846 3331
2119 3332
1030 3333
14 3334
2433 3335
3925 3336
1816 3337
2565 3338
3693 3339
603 3340
2420 3341
3712 3342
87 3343
2892 3344
1511 3345
1413 3346
3557 3347
2871 3348
1249 3349
1948 3350
3669 3351
2711 3352
3895 3353
1042 3354
1254 3355
1839 3356
1059 3357
158 3358
2412 3359
197 3360
3754 3361
1753 3362
1094 3363
2268 3364
3587 3365
259 3366
1092 3367
1077 3368
2706 3369
377 3370
3803 3371
3069 3372
440 3373
4 3374
2295 3375
3075 3376
1993 3377
1326 3378
2396 3379
1646 3380
2104 3381
2784 3382
1463 3383
3346 3384
1496 3385
2527 3386
1415 3387
2861 3388
2342 3389
1896 3390
2207 3391
331 3392
638 3393
1441 3394
3797 3395
2792 3396
3624 3397
2237 3398
2880 3399
2074 3400
3405 3401
3471 3402
3074 3403
1565 3404
1473 3405
1743 3406
1689 3407
2707 3408
1889 3409
1811 3410
532 3411
28 3412
1121 3413
1475 3414
1501 3415
1373 3416
2812 3417
1946 3418
3339 3419
1031 3420
3765 3421
160 3422
1406 3423
1943 3424
1196 3425
267 3426
1036 3427
2874 3428
2066 3429
3545 3430
3207 3431
3941 3432
3139 3433
1483 3434
13 3435
356 3436
1023 3437
363 3438
3509 3439
1831 3440
1845 3441
459 3442
2418 3443
93 3444
2187 3445
663 3446
78 3447
2064 3448
3423 3449
3749 3450
1363 3451
1497 3452
1188 3453
3387 3454
3760 3455
3565 3456
3781 3457
411 3458
2917 3459
945 3460
2516 3461
185 3462
537 3463
909 3464
830 3465
1013 3466
414 3467
3572 3468
3330 3469
1793 3470
3518 3471
1334 3472
2185 3473
1047 3474
1020 3475
1343 3476
3062 3477
3484 3478
159 3479
461 3480
2091 3481
3213 3482
421 3483
2265 3484
3852 3485
3950 3486
2436 3487
2542 3488
3285 3489
3854 3490
2076 3491
369 3492
3132 3493
1541 3494
1429 3495
454 3496
3868 3497
1081 3498
1090 3499
105 3500
3276 3501
1035 3502
3822 3503
1104 3504
3155 3505
2944 3506
633 3507
1100 3508
1367 3509
2492 3510
218 3511
2638 3512
372 3513
247 3514
2049 3515
1220 3516
1550 3517
2669 3518
2572 3519
842 3520
117 3521
371 3522
1961 3523
3390 3524
3498 3525
290 3526
1032 3527
210 3528
79 3529
3304 3530
1200 3531
2367 3532
1996 3533
2782 3534
276 3535
612 3536
1978 3537
2120 3538
3798 3539
956 3540
39 3541
2432 3542
2311 3543
2056 3544
2068 3545
3375 3546
2906 3547
2079 3548
1214 3549
3511 3550
2401 3551
2458 3552
177 3553
3723 3554
3061 3555
472 3556
2634 3557
3402 3558
3547 3559
1837 3560
1806 3561
458 3562
1822 3563
261 3564
1384 3565
224 3566
1821 3567
1643 3568
3081 3569
2633 3570
273 3571
2286 3572
3406 3573
3672 3574
1063 3575
3393 3576
1591 3577
1998 3578
3313 3579
1095 3580
448 3581
3591 3582
614 3583
1408 3584
3389 3585
3412 3586
3513 3587
2612 3588
2771 3589
2645 3590
3734 3591
2780 3592
2166 3593
793 3594
2505 3595
3850 3596
36 3597
122 3598
2519 3599
2704 3600
60 3601
3021 3602
815 3603
2983 3604
753 3605
1848 3606
780 3607
46 3608
2807 3609
1215 3610
1703 3611
1111 3612
931 3613
3436 3614
1357 3615
520 3616
936 3617
1859 3618
16 3619
2502 3620
2644 3621
540 3622
2325 3623
1270 3624
3079 3625
3396 3626
3922 3627
881 3628
2162 3629
1091 3630
2238 3631
3244 3632
2240 3633
908 3634
1784 3635
1870 3636
450 3637
1732 3638
2084 3639
1262 3640
2882 3641
1747 3642
2101 3643
206 3644
3751 3645
761 3646
722 3647
2932 3648
3657 3649
3309 3650
1599 3651
1741 3652
3379 3653
3446 3654
2192 3655
1791 3656
1566 3657
1650 3658
2920 3659
2350 3660
2287 3661
3942 3662
1022 3663
1028 3664
1980 3665
3927 3666
748 3667
987 3668
2779 3669
3659 3670
1232 3671
1317 3672
1534 3673
1592 3674
2359 3675
387 3676
270 3677
1170 3678
2679 3679
1597 3680
2273 3681
3666 3682
3889 3683
1350 3684
1779 3685
3684 3686
41 3687
3738 3688
1160 3689
2933 3690
2375 3691
1720 3692
1202 3693
2455 3694
3431 3695
1856 3696
298 3697
2710 3698
116 3699
104 3700
168 3701
2110 3702
476 3703
2244 3704
1827 3705
1883 3706
3053 3707
1907 3708
3949 3709
3417 3710
2966 3711
1909 3712
832 3713
2822 3714
358 3715
2047 3716
3007 3717
703 3718
3908 3719
2260 3720
2788 3721
3467 3722
2095 3723
2664 3724
2493 3725
2877 3726
462 3727
1615 3728
1245 3729
1374 3730
2157 3731
1269 3732
896 3733
1495 3734
3147 3735
3901 3736
2904 3737
1138 3738
2326 3739
580 3740
114 3741
3130 3742
45 3743
1627 3744
880 3745
3019 3746
2033 3747
1968 3748
1923 3749
2718 3750
2537 3751
2129 3752
2506 3753
229 3754
2008 3755
1187 3756
2182 3757
1096 3758
2376 3759
368 3760
2211 3761
2490 3762
3626 3763
2914 3764
523 3765
2794 3766
1101 3767
1711 3768
3017 3769
1590 3770
1526 3771
870 3772
3367 3773
6 3774
1879 3775
3319 3776
3261 3777
3707 3778
347 3779
3174 3780
2731 3781
2276 3782
1952 3783
2956 3784
1002 3785
119 3786
2202 3787
268 3788
3354 3789
2635 3790
3453 3791
306 3792
1476 3793
1173 3794
2460 3795
2797 3796
1172 3797
444 3798
2011 3799
1471 3800
136 3801
1884 3802
2897 3803
893 3804
2682 3805
674 3806
27 3807
3585 3808
3731 3809
3047 3810
2194 3811
849 3812
1701 3813
861 3814
2998 3815
544 3816
2392 3817
1411 3818
1681 3819
935 3820
2756 3821
3688 3822
2819 3823
3326 3824
287 3825
3241 3826
925 3827
350 3828
3088 3829
1904 3830
1120 3831
2693 3832
50 3833
405 3834
3421 3835
471 3836
1792 3837
1588 3838
3468 3839
2647 3840
943 3841
1015 3842
1504 3843
1271 3844
1797 3845
762 3846
1010 3847
1226 3848
3338 3849
2763 3850
2583 3851
1482 3852
228 3853
2683 3854
3347 3855
1169 3856
3758 3857
1595 3858
3448 3859
3725 3860
500 3861
2053 3862
3415 3863
1518 3864
2393 3865
953 3866
2700 3867
3135 3868
755 3869
2947 3870
951 3871
3946 3872
1320 3873
1388 3874
2151 3875
217 3876
178 3877
3543 3878
3325 3879
1446 3880
95 3881
2587 3882
3753 3883
2934 3884
928 3885
353 3886
2255 3887
2297 3888
80 3889
1043 3890
2806 3891
947 3892
265 3893
1356 3894
2938 3895
61 3896
487 3897
2630 3898
3364 3899
2003 3900
3355 3901
3821 3902
1323 3903
3905 3904
1401 3905
2007 3906
3149 3907
3112 3908
2796 3909
513 3910
3366 3911
3665 3912
366 3913
1021 3914
2196 3915
3403 3916
3732 3917
2579 3918
3351 3919
1221 3920
327 3921
2925 3922
3447 3923
3311 3924
2868 3925
234 3926
1682 3927
877 3928
2921 3929
3743 3930
309 3931
1552 3932
1426 3933
2379 3934
385 3935
840 3936
2050 3937
3605 3938
3011 3939
1341 3940
2865 3941
3874 3942
2347 3943
3771 3944
808 3945
587 3946
2097 3947
344 3948
930 3949
25 3950
732 3951
973 3952
211 3953
848 3954
645 3955
2607 3956
1715 3957
2622 3958
1439 3959
383 3960
994 3961
2234 3962
771 3963
2360 3964
3919 3965
3327 3966
1817 3967
508 3968
2320 3969
1605 3970
2371 3971
2856 3972
58 3973
592 3974
760 3975
522 3976
1494 3977
2901 3978
2302 3979
934 3980
632 3981
3256 3982
3451 3983
2485 3984
3224 3985
2686 3986
2990 3987
1796 3988
606 3989
1624 3990
324 3991
2291 3992
605 3993
1017 3994
2178 3995
2671 3996
2035 3997
1954 3998
2666 3999
608 4000
2668 4001
209 4002
652 4003
507 4004
194 4005
2232 4006
2517 4007
2773 4008
1248 4009
2844 4010
1412 4011
1804 4012
2141 4013
2935 4014
2331 4015
3450 4016
3851 4017
2855 4018
3284 4019
2394 4020
3086 4021
1969 4022
3827 4023
11 4024
2708 4025
207 4026
2004 4027
321 4028
831 4029
1640 4030
1688 4031
152 4032
946 4033
2250 4034
2441 4035
1834 4036
3676 4037
1385 4038
1704 4039
171 4040
3316 4041
3708 4042
3282 4043
1129 4044
3360 4045
2357 4046
3142 4047
2427 4048
2404 4049
3289 4050
1416 4051
3847 4052
2473 4053
968 4054
818 4055
3092 4056
2414 4057
1394 4058
3292 4059
640 4060
2001 4061
275 4062
3240 4063
2177 4064
2677 4065
2936 4066
858 4067
124 4068
3443 4069
3579 4070
3397 4071
1690 4072
497 4073
3221 4074
1985 4075
3602 4076
3633 4077
3576 4078
3886 4079
1144 4080
800 4081
1696 4082
31 4083
2413 4084
162 4085
1657 4086
639 4087
151 4088
2059 4089
3814 4090
694 4091
1855 4092
3218 4093
2529 4094
1951 4095
2088 4096
2469 4097
1812 4098
3778 4099
1950 4100
3140 4101
2478 4102
2153 4103
2992 4104
2407 4105
3628 4106
373 4107
3063 4108
3675 4109
2322 4110
1161 4111
2753 4112
463 4113
1517 4114
691 4115
1937 4116
2908 4117
1966 4118
2867 4119
1040 4120
2696 4121
964 4122
3071 4123
2106 4124
147 4125
7 4126
360 4127
2272 4128
1103 4129
2841 4130
1289 4131
336 4132
214 4133
3699 4134
1921 4135
3478 4136
3012 4137
3586 4138
2802 4139
54 4140
1348 4141
325 4142
1346 4143
2512 4144
2040 4145
310 4146
1302 4147
320 4148
3146 4149
154 4150
1332 4151
1130 4152
144 4153
480 4154
82 4155
905 4156
2355 4157
571 4158
1572 4159
2073 4160
198 4161
1444 4162
3507 4163
969 4164
1387 4165
2975 4166
1836 4167
3388 4168
2087 4169
308 4170
2316 4171
2317 4172
1252 4173
1514 4174
970 4175
1660 4176
839 4177
2069 4178
784 4179
53 4180
2777 4181
954 4182
767 4183
200 4184
416 4185
1447 4186
1000 4187
2417 4188
3003 4189
1642 4190
2374 4191
2165 4192
548 4193
1276 4194
3200 4195
1088 4196
2464 4197
71 4198
976 4199
2186 4200
1516 4201
3811 4202
3795 4203
695 4204
2927 4205
650 4206
503 4207
2514 4208
3424 4209
2219 4210
1038 4211
303 4212
932 4213
55 4214
3029 4215
2142 4216
1988 4217
2646 4218
2657 4219
2913 4220
3252 4221
2681 4222
3391 4223
2403 4224
1477 4225
2553 4226
2554 4227
169 4228
2212 4229
456 4230
3334 4231
1744 4232
3924 4233
126 4234
84 4235
2356 4236
852 4237
1330 4238
899 4239
1692 4240
1616 4241
2720 4242
3759 4243
2594 4244
3106 4245
3054 4246
1699 4247
2670 4248
1008 4249
1339 4250
766 4251
3137 4252
3695 4253
3937 4254
2171 4255
518 4256
2558 4257
2150 4258
92 4259
3598 4260
3362 4261
1295 4262
3254 4263
1484 4264
1746 4265
3422 4266
3655 4267
1116 4268
1810 4269
3439 4270
2627 4271
515 4272
3372 4273
1522 4274
1867 4275
2787 4276
3168 4277
847 4278
3286 4279
1748 4280
1759 4281
3812 4282
2937 4283
3892 4284
3036 4285
2724 4286
1897 4287
2477 4288
805 4289
1414 4290
3049 4291
42 4292
3028 4293
3100 4294
1513 4295
916 4296
483 4297
1256 4298
2305 4299
1382 4300
3911 4301
2189 4302
2744 4303
600 4304
3859 4305
431 4306
2566 4307
1788 4308
1586 4309
3189 4310
1275 4311
3866 4312
442 4313
1301 4314
2045 4315
1670 4316
1055 4317
1601 4318
726 4319
3462 4320
1927 4321
1900 4322
3267 4323
2044 4324
3944 4325
3580 4326
2899 4327
2857 4328
281 4329
3111 4330
2798 4331
2037 4332
3618 4333
3437 4334
3710 4335
1799 4336
1814 4337
1596 4338
1404 4339
1665 4340
2628 4341
1007 4342
1676 4343
489 4344
3921 4345
1933 4346
2170 4347
3611 4348
3649 4349
3713 4350
499 4351
3027 4352
1216 4353
3617 4354
3269 4355
3592 4356
714 4357
97 4358
3097 4359
3548 4360
1919 4361
2434 4362
1639 4363
3344 4364
1464 4365
1051 4366
556 4367
2086 4368
3466 4369
3361 4370
3465 4371
745 4372
751 4373
3622 4374
1882 4375
334 4376
1890 4377
378 4378
418 4379
3013 4380
3948 4381
2557 4382
3419 4383
3435 4384
2100 4385
534 4386
599 4387
1029 4388
1756 4389
1675 4390
2589 4391
2425 4392
1337 4393
498 4394
2801 4395
1785 4396
2324 4397
397 4398
2452 4399
2580 4400
2531 4401
1932 4402
1635 4403
3855 4404
3897 4405
1085 4406
3215 4407
1545 4408
375 4409
2109 4410
743 4411
153 4412
1493 4413
443 4414
2526 4415
2674 4416
