967 1001
2515 1002
3596 1003
548 1004
2447 1005
2162 1006
2177 1007
2021 1008
716 1009
880 1010
1162 1011
842 1012
3646 1013
869 1014
3612 1015
1983 1016
303 1017
2948 1018
1652 1019
3082 1020
2686 1021
2815 1022
2858 1023
2584 1024
3103 1025
1954 1026
198 1027
1314 1028
2045 1029
2613 1030
911 1031
676 1032
2808 1033
1031 1034
2299 1035
2306 1036
1228 1037
2408 1038
957 1039
3610 1040
1202 1041
3293 1042
2747 1043
1429 1044
2063 1045
1029 1046
1831 1047
663 1048
2321 1049
2819 1050
2513 1051
937 1052
2968 1053
3366 1054
1810 1055
1498 1056
2217 1057
3278 1058
614 1059
516 1060
194 1061
617 1062
3060 1063
1857 1064
1825 1065
146 1066
196 1067
3572 1068
2400 1069
2943 1070
3328 1071
1409 1072
3384 1073
1963 1074
2307 1075
1091 1076
1280 1077
2700 1078
2962 1079
1291 1080
2959 1081
1518 1082
2372 1083
3343 1084
3611 1085
3173 1086
692 1087
776 1088
1446 1089
1374 1090
2034 1091
1805 1092
322 1093
2175 1094
2836 1095
3273 1096
984 1097
1284 1098
3197 1099
2662 1100
3019 1101
349 1102
51 1103
1345 1104
1174 1105
1988 1106
1735 1107
2963 1108
2203 1109
2129 1110
689 1111
1905 1112
3038 1113
1395 1114
1955 1115
1945 1116
1078 1117
1309 1118
468 1119
1231 1120
2054 1121
2885 1122
3484 1123
2975 1124
2107 1125
2210 1126
2898 1127
2681 1128
2487 1129
2311 1130
2029 1131
609 1132
1645 1133
1386 1134
558 1135
277 1136
2788 1137
2941 1138
1642 1139
2001 1140
1105 1141
1986 1142
422 1143
2876 1144
991 1145
1921 1146
462 1147
219 1148
2094 1149
1596 1150
3233 1151
2619 1152
286 1153
3317 1154
1789 1155
3027 1156
814 1157
2553 1158
212 1159
2089 1160
3638 1161
3153 1162
2794 1163
257 1164
1577 1165
907 1166
603 1167
3534 1168
1549 1169
137 1170
550 1171
1166 1172
1103 1173
979 1174
317 1175
1188 1176
949 1177
1756 1178
1126 1179
623 1180
2204 1181
2759 1182
2710 1183
2562 1184
828 1185
122 1186
3552 1187
3129 1188
1998 1189
2653 1190
2821 1191
2170 1192
3625 1193
3473 1194
172 1195
1779 1196
1109 1197
307 1198
1485 1199
157 1200
1226 1201
2120 1202
1249 1203
3560 1204
1788 1205
2878 1206
2259 1207
1586 1208
1392 1209
3127 1210
2564 1211
3236 1212
2431 1213
61 1214
2295 1215
555 1216
1205 1217
3396 1218
1224 1219
1886 1220
3160 1221
2712 1222
3354 1223
650 1224
426 1225
2103 1226
839 1227
10 1228
891 1229
591 1230
3034 1231
275 1232
3055 1233
2977 1234
227 1235
2474 1236
1214 1237
163 1238
1299 1239
1602 1240
3643 1241
1047 1242
3389 1243
3096 1244
230 1245
3098 1246
1475 1247
490 1248
1600 1249
179 1250
3554 1251
1240 1252
369 1253
3013 1254
293 1255
599 1256
2944 1257
1092 1258
13 1259
3466 1260
2098 1261
2776 1262
1265 1263
2982 1264
3576 1265
12 1266
2287 1267
2650 1268
1013 1269
756 1270
1513 1271
1300 1272
1901 1273
1552 1274
1338 1275
536 1276
2068 1277
2644 1278
2767 1279
2280 1280
1634 1281
3629 1282
1175 1283
1874 1284
1958 1285
1167 1286
1024 1287
927 1288
2988 1289
1706 1290
1333 1291
3438 1292
1765 1293
3092 1294
630 1295
3104 1296
1999 1297
2531 1298
1736 1299
940 1300
1326 1301
1523 1302
2823 1303
2857 1304
3177 1305
2811 1306
207 1307
2739 1308
1807 1309
1325 1310
1650 1311
3598 1312
569 1313
1449 1314
435 1315
127 1316
3358 1317
1085 1318
3627 1319
3061 1320
848 1321
3590 1322
1781 1323
1744 1324
332 1325
3601 1326
3288 1327
1919 1328
3188 1329
1125 1330
1997 1331
2538 1332
3578 1333
872 1334
888 1335
2935 1336
547 1337
1517 1338
3202 1339
1801 1340
2241 1341
1893 1342
1732 1343
2399 1344
1972 1345
768 1346
1211 1347
2830 1348
3040 1349
1171 1350
1164 1351
1916 1352
2075 1353
91 1354
1813 1355
473 1356
1020 1357
2122 1358
3435 1359
916 1360
446 1361
2604 1362
245 1363
3193 1364
2235 1365
2733 1366
2189 1367
3020 1368
1371 1369
114 1370
3263 1371
1727 1372
2455 1373
808 1374
1030 1375
1795 1376
853 1377
316 1378
1168 1379
162 1380
3523 1381
2074 1382
3135 1383
495 1384
959 1385
3439 1386
170 1387
1337 1388
2158 1389
2248 1390
827 1391
260 1392
327 1393
1991 1394
1124 1395
1218 1396
600 1397
1232 1398
1864 1399
2032 1400
2590 1401
696 1402
2232 1403
1615 1404
2451 1405
734 1406
3357 1407
1120 1408
263 1409
1430 1410
3229 1411
94 1412
1468 1413
433 1414
1155 1415
2271 1416
2133 1417
3452 1418
1267 1419
1352 1420
291 1421
851 1422
2558 1423
644 1424
1286 1425
922 1426
2318 1427
3244 1428
1269 1429
1335 1430
3064 1431
1658 1432
796 1433
965 1434
3176 1435
1177 1436
2214 1437
1242 1438
997 1439
2758 1440
1203 1441
3053 1442
2327 1443
499 1444
3081 1445
2583 1446
2168 1447
985 1448
688 1449
802 1450
2937 1451
1994 1452
3327 1453
2577 1454
3494 1455
2478 1456
124 1457
2897 1458
1936 1459
1403 1460
999 1461
235 1462
2223 1463
93 1464
1811 1465
1008 1466
3257 1467
1690 1468
544 1469
1743 1470
545 1471
2134 1472
192 1473
358 1474
432 1475
3259 1476
3106 1477
3342 1478
2079 1479
2934 1480
3178 1481
1814 1482
1027 1483
3378 1484
1080 1485
1414 1486
680 1487
2057 1488
2881 1489
753 1490
934 1491
1778 1492
3517 1493
3603 1494
436 1495
2211 1496
3091 1497
3461 1498
26 1499
1406 1500
2104 1501
3015 1502
1404 1503
2996 1504
919 1505
1531 1506
3634 1507
121 1508
3296 1509
2364 1510
2889 1511
1088 1512
3460 1513
1522 1514
587 1515
844 1516
1227 1517
2770 1518
2837 1519
2629 1520
3014 1521
1410 1522
1760 1523
1845 1524
969 1525
1847 1526
1034 1527
722 1528
1887 1529
119 1530
2268 1531
2482 1532
588 1533
25 1534
3300 1535
2646 1536
3166 1537
3571 1538
1568 1539
136 1540
2188 1541
3337 1542
1458 1543
1798 1544
2147 1545
268 1546
1608 1547
631 1548
444 1549
3462 1550
3315 1551
795 1552
2697 1553
1006 1554
2674 1555
2163 1556
309 1557
3164 1558
2548 1559
3516 1560
1119 1561
1661 1562
2743 1563
3530 1564
3265 1565
2002 1566
3029 1567
1427 1568
1099 1569
3637 1570
3379 1571
1151 1572
2684 1573
1253 1574
1346 1575
1758 1576
2789 1577
1398 1578
2669 1579
1021 1580
2264 1581
86 1582
1113 1583
1618 1584
299 1585
778 1586
144 1587
1824 1588
386 1589
294 1590
648 1591
2050 1592
1234 1593
915 1594
3023 1595
2609 1596
262 1597
2160 1598
2958 1599
655 1600
2596 1601
1065 1602
1731 1603
2854 1604
379 1605
954 1606
1181 1607
2698 1608
1339 1609
3413 1610
1196 1611
818 1612
431 1613
3415 1614
1193 1615
543 1616
1344 1617
2526 1618
1987 1619
2689 1620
755 1621
1505 1622
2116 1623
2450 1624
3512 1625
368 1626
2705 1627
1717 1628
881 1629
871 1630
761 1631
1237 1632
1483 1633
2111 1634
259 1635
3219 1636
1072 1637
1653 1638
239 1639
3231 1640
1110 1641
2972 1642
3478 1643
3308 1644
597 1645
106 1646
2805 1647
523 1648
1036 1649
1 1650
271 1651
1861 1652
295 1653
3044 1654
1128 1655
1539 1656
2871 1657
2247 1658
624 1659
2128 1660
176 1661
2060 1662
3280 1663
2781 1664
2143 1665
1631 1666
3235 1667
3161 1668
359 1669
2084 1670
3505 1671
585 1672
1023 1673
2517 1674
3239 1675
576 1676
2024 1677
2612 1678
1751 1679
2088 1680
1785 1681
1277 1682
2868 1683
2571 1684
1840 1685
1938 1686
330 1687
994 1688
1385 1689
1889 1690
3185 1691
2118 1692
3094 1693
1375 1694
73 1695
1238 1696
3485 1697
3626 1698
683 1699
3309 1700
3267 1701
526 1702
1208 1703
983 1704
3292 1705
2 1706
2331 1707
3597 1708
2459 1709
1595 1710
152 1711
46 1712
1391 1713
2866 1714
2238 1715
1176 1716
2925 1717
3425 1718
15 1719
933 1720
132 1721
2169 1722
1310 1723
559 1724
2656 1725
1851 1726
18 1727
2061 1728
3073 1729
632 1730
2793 1731
3511 1732
1612 1733
2530 1734
527 1735
1312 1736
568 1737
3247 1738
804 1739
2762 1740
3394 1741
3151 1742
1235 1743
2519 1744
2417 1745
445 1746
331 1747
803 1748
2298 1749
894 1750
80 1751
667 1752
855 1753
2379 1754
347 1755
2688 1756
943 1757
2642 1758
1212 1759
3163 1760
2380 1761
1816 1762
3391 1763
500 1764
2181 1765
2062 1766
3284 1767
3437 1768
746 1769
1199 1770
2714 1771
1436 1772
3168 1773
1184 1774
1116 1775
365 1776
3428 1777
509 1778
2228 1779
742 1780
2411 1781
1192 1782
2645 1783
3479 1784
116 1785
439 1786
2473 1787
575 1788
2751 1789
3483 1790
2472 1791
2125 1792
2908 1793
1259 1794
1546 1795
2096 1796
1931 1797
1365 1798
3459 1799
1472 1800
37 1801
2916 1802
1322 1803
3133 1804
2458 1805
3440 1806
2792 1807
2296 1808
1007 1809
637 1810
2813 1811
2184 1812
3036 1813
2156 1814
453 1815
2508 1816
1306 1817
3192 1818
2607 1819
2791 1820
133 1821
438 1822
3351 1823
2711 1824
2260 1825
115 1826
2537 1827
652 1828
30 1829
1614 1830
3502 1831
3249 1832
1245 1833
832 1834
1158 1835
3030 1836
1644 1837
3388 1838
1594 1839
2051 1840
3105 1841
2950 1842
909 1843
2165 1844
1082 1845
1330 1846
110 1847
1323 1848
783 1849
3295 1850
2853 1851
1042 1852
2804 1853
2382 1854
2671 1855
1538 1856
1621 1857
140 1858
1112 1859
3169 1860
2709 1861
2649 1862
102 1863
2637 1864
1944 1865
1148 1866
2624 1867
941 1868
1033 1869
2936 1870
2592 1871
237 1872
1087 1873
3602 1874
107 1875
1871 1876
578 1877
2986 1878
2976 1879
1996 1880
451 1881
101 1882
3380 1883
1651 1884
1497 1885
159 1886
992 1887
1606 1888
1684 1889
1108 1890
1479 1891
2422 1892
2734 1893
2362 1894
1143 1895
2829 1896
3338 1897
758 1898
3563 1899
1272 1900
3529 1901
1179 1902
3573 1903
2567 1904
2171 1905
2657 1906
2351 1907
1413 1908
1555 1909
1686 1910
1770 1911
636 1912
519 1913
674 1914
3548 1915
1139 1916
276 1917
3488 1918
1790 1919
1481 1920
3109 1921
1478 1922
3196 1923
1551 1924
1929 1925
1980 1926
1342 1927
145 1928
117 1929
380 1930
2677 1931
744 1932
3558 1933
3518 1934
2186 1935
1053 1936
1894 1937
1210 1938
1581 1939
1393 1940
280 1941
964 1942
642 1943
246 1944
1951 1945
487 1946
82 1947
2856 1948
1528 1949
2409 1950
1891 1951
2728 1952
305 1953
2112 1954
3043 1955
3536 1956
607 1957
3371 1958
1127 1959
2824 1960
1437 1961
1526 1962
1737 1963
2334 1964
313 1965
129 1966
1703 1967
2661 1968
326 1969
3230 1970
1173 1971
826 1972
1620 1973
1674 1974
3382 1975
2087 1976
166 1977
2945 1978
32 1979
2683 1980
3565 1981
1169 1982
1016 1983
1160 1984
1255 1985
390 1986
1738 1987
3411 1988
1405 1989
2760 1990
2867 1991
1940 1992
2947 1993
2180 1994
147 1995
1757 1996
474 1997
1817 1998
552 1999
2434 2000
2404 2001
217 2002
3171 2003
502 2004
2911 2005
2795 2006
2706 2007
970 2008
1948 2009
2572 2010
2421 2011
2896 2012
2224 2013
3093 2014
2614 2015
1995 2016
3477 2017
2038 2018
2652 2019
3316 2020
247 2021
1477 2022
334 2023
1611 2024
825 2025
829 2026
1189 2027
3630 2028
287 2029
3635 2030
2801 2031
695 2032
2726 2033
1331 2034
3456 2035
2847 2036
1341 2037
2344 2038
2826 2039
3344 2040
1937 2041
1670 2042
2091 2043
784 2044
1390 2045
2922 2046
1313 2047
2191 2048
2887 2049
1678 2050
2589 2051
3390 2052
2497 2053
3334 2054
2807 2055
779 2056
679 2057
1665 2058
2194 2059
3528 2060
2044 2061
270 2062
1633 2063
2352 2064
215 2065
3261 2066
1206 2067
1415 2068
3359 2069
2757 2070
153 2071
1875 2072
1968 2073
2070 2074
319 2075
2041 2076
72 2077
3145 2078
2522 2079
27 2080
1131 2081
406 2082
3482 2083
3174 2084
883 2085
541 2086
1700 2087
1966 2088
3065 2089
2313 2090
45 2091
811 2092
1685 2093
3579 2094
3234 2095
2023 2096
806 2097
2618 2098
610 2099
2971 2100
1636 2101
2623 2102
1763 2103
1040 2104
2383 2105
882 2106
2812 2107
2110 2108
3222 2109
3640 2110
3375 2111
1599 2112
2010 2113
1064 2114
3183 2115
749 2116
868 2117
3581 2118
2269 2119
2370 2120
1159 2121
918 2122
1340 2123
2658 2124
1484 2125
866 2126
1381 2127
206 2128
3594 2129
1906 2130
1146 2131
2727 2132
1669 2133
1328 2134
1354 2135
1719 2136
1971 2137
3217 2138
2901 2139
1402 2140
409 2141
3352 2142
3276 2143
2368 2144
3347 2145
3393 2146
879 2147
530 2148
343 2149
478 2150
658 2151
2286 2152
2859 2153
1095 2154
208 2155
1928 2156
2146 2157
709 2158
2518 2159
2834 2160
854 2161
3531 2162
3504 2163
1394 2164
2428 2165
948 2166
2149 2167
535 2168
1022 2169
1288 2170
3167 2171
3406 2172
1495 2173
2410 2174
1899 2175
935 2176
1423 2177
416 2178
1933 2179
394 2180
944 2181
2765 2182
1947 2183
3100 2184
39 2185
1417 2186
450 2187
3355 2188
1569 2189
2043 2190
2086 2191
1969 2192
2764 2193
1077 2194
2078 2195
3279 2196
3398 2197
2483 2198
2816 2199
2605 2200
1715 2201
1537 2202
2541 2203
1689 2204
2690 2205
1709 2206
2365 2207
1041 2208
3016 2209
3604 2210
2843 2211
2231 2212
1317 2213
3179 2214
135 2215
762 2216
2187 2217
3414 2218
85 2219
1819 2220
3501 2221
24 2222
2218 2223
898 2224
2536 2225
168 2226
3353 2227
1493 2228
1019 2229
2137 2230
628 2231
936 2232
3250 2233
503 2234
2880 2235
2539 2236
2954 2237
3136 2238
96 2239
2141 2240
3387 2241
449 2242
173 2243
62 2244
639 2245
3258 2246
264 2247
1827 2248
184 2249
2067 2250
2332 2251
862 2252
1058 2253
2263 2254
405 2255
955 2256
767 2257
1215 2258
1122 2259
3054 2260
485 2261
3591 2262
2873 2263
3287 2264
3574 2265
2126 2266
2585 2267
2234 2268
1659 2269
3405 2270
2452 2271
361 2272
1445 2273
1367 2274
817 2275
3158 2276
126 2277
3227 2278
2225 2279
2918 2280
1664 2281
2425 2282
713 2283
2746 2284
1680 2285
1182 2286
1282 2287
285 2288
1683 2289
252 2290
1236 2291
2444 2292
945 2293
3318 2294
3017 2295
2461 2296
1048 2297
297 2298
1540 2299
2598 2300
249 2301
1050 2302
560 2303
324 2304
2092 2305
2731 2306
728 2307
2775 2308
341 2309
1752 2310
698 2311
3442 2312
690 2313
1890 2314
2183 2315
769 2316
3506 2317
3496 2318
1628 2319
1572 2320
1739 2321
3134 2322
1350 2323
2300 2324
2817 2325
1820 2326
1450 2327
131 2328
1624 2329
1508 2330
1547 2331
813 2332
1051 2333
833 2334
2692 2335
773 2336
2164 2337
971 2338
370 2339
593 2340
2073 2341
2875 2342
2912 2343
1142 2344
1897 2345
1675 2346
2641 2347
1876 2348
3373 2349
395 2350
3356 2351
1261 2352
1499 2353
2312 2354
1086 2355
1012 2356
805 2357
1081 2358
333 2359
2437 2360
2297 2361
2987 2362
2838 2363
1575 2364
924 2365
2931 2366
861 2367
3022 2368
1858 2369
2064 2370
3446 2371
3000 2372
507 2373
1121 2374
890 2375
1509 2376
2720 2377
3024 2378
3220 2379
2420 2380
2678 2381
234 2382
505 2383
867 2384
2774 2385
2737 2386
201 2387
2994 2388
1376 2389
2622 2390
840 2391
914 2392
3467 2393
1275 2394
1582 2395
2266 2396
1411 2397
2069 2398
2864 2399
2273 2400
1591 2401
113 2402
3321 2403
419 2404
697 2405
2246 2406
240 2407
1729 2408
1904 2409
427 2410
3128 2411
533 2412
2716 2413
3141 2414
43 2415
9 2416
1311 2417
345 2418
3181 2419
1782 2420
3266 2421
1198 2422
3035 2423
2219 2424
932 2425
790 2426
2475 2427
1067 2428
44 2429
719 2430
1834 2431
1965 2432
2407 2433
1353 2434
2176 2435
458 2436
2026 2437
571 2438
174 2439
3075 2440
183 2441
2106 2442
3377 2443
1823 2444
1742 2445
99 2446
1441 2447
2505 2448
1388 2449
2993 2450
3586 2451
2207 2452
150 2453
920 2454
373 2455
2840 2456
2702 2457
3237 2458
3026 2459
1514 2460
931 2461
1447 2462
2748 2463
757 2464
272 2465
3491 2466
2027 2467
858 2468
654 2469
3066 2470
809 2471
2049 2472
3175 2473
3642 2474
2799 2475
455 2476
1723 2477
1075 2478
1767 2479
1069 2480
764 2481
3587 2482
298 2483
243 2484
2903 2485
904 2486
1039 2487
2108 2488
2289 2489
1941 2490
2863 2491
1679 2492
691 2493
1149 2494
1910 2495
947 2496
2392 2497
1772 2498
2995 2499
2725 2500
310 2501
3150 2502
1580 2503
629 2504
2983 2505
3058 2506
1357 2507
3225 2508
2157 2509
1010 2510
532 2511
3049 2512
2827 2513
793 2514
3302 2515
1135 2516
1005 2517
3200 2518
3068 2519
284 2520
3324 2521
1829 2522
2582 2523
1172 2524
2886 2525
3269 2526
2621 2527
577 2528
1865 2529
3392 2530
2782 2531
923 2532
592 2533
1902 2534
901 2535
2239 2536
1515 2537
1835 2538
1646 2539
2261 2540
3275 2541
3132 2542
1558 2543
2148 2544
2255 2545
2724 2546
2763 2547
3418 2548
704 2549
3101 2550
3486 2551
336 2552
990 2553
2591 2554
407 2555
2806 2556
1295 2557
1090 2558
1380 2559
2003 2560
3423 2561
2469 2562
1671 2563
2495 2564
656 2565
3063 2566
2466 2567
725 2568
531 2569
2723 2570
794 2571
1629 2572
966 2573
2755 2574
130 2575
1492 2576
3503 2577
566 2578
366 2579
2302 2580
3162 2581
1625 2582
2906 2583
2415 2584
1844 2585
1660 2586
873 2587
3170 2588
3254 2589
103 2590
567 2591
2504 2592
2506 2593
88 2594
2978 2595
2439 2596
1613 2597
3074 2598
1880 2599
248 2600
2018 2601
1054 2602
799 2603
1588 2604
3441 2605
2151 2606
3203 2607
1912 2608
1506 2609
1482 2610
1037 2611
258 2612
22 2613
2136 2614
2457 2615
2047 2616
684 2617
1448 2618
2990 2619
786 2620
2753 2621
1473 2622
1867 2623
615 2624
1009 2625
3149 2626
1573 2627
385 2628
622 2629
1455 2630
3320 2631
3542 2632
1351 2633
3051 2634
1068 2635
2594 2636
470 2637
2820 2638
3582 2639
3533 2640
798 2641
204 2642
2396 2643
2244 2644
2048 2645
1061 2646
740 2647
1043 2648
2077 2649
1329 2650
2595 2651
2989 2652
3444 2653
3458 2654
1186 2655
1970 2656
3620 2657
517 2658
2142 2659
393 2660
328 2661
2980 2662
2031 2663
2114 2664
3370 2665
3464 2666
1217 2667
3644 2668
28 2669
988 2670
337 2671
2565 2672
2493 2673
641 2674
2550 2675
3199 2676
3333 2677
2796 2678
2921 2679
912 2680
3210 2681
2000 2682
3453 2683
3361 2684
383 2685
3122 2686
1225 2687
3519 2688
2272 2689
3319 2690
3564 2691
2952 2692
3271 2693
1554 2694
1004 2695
2785 2696
2543 2697
1881 2698
1992 2699
98 2700
1432 2701
3272 2702
3508 2703
442 2704
2240 2705
3007 2706
1032 2707
1152 2708
1787 2709
2693 2710
1898 2711
2676 2712
2339 2713
288 2714
3277 2715
423 2716
852 2717
2090 2718
2566 2719
3526 2720
2708 2721
178 2722
2845 2723
1900 2724
718 2725
34 2726
154 2727
3547 2728
63 2729
2304 2730
760 2731
2966 2732
3345 2733
2679 2734
1725 2735
2349 2736
1519 2737
339 2738
3116 2739
2503 2740
1204 2741
2914 2742
2202 2743
2651 2744
2131 2745
1213 2746
1836 2747
819 2748
2779 2749
3270 2750
620 2751
3184 2752
2456 2753
1229 2754
2849 2755
2290 2756
477 2757
2039 2758
2081 2759
2822 2760
1809 2761
3238 2762
2783 2763
3408 2764
1130 2765
1976 2766
3588 2767
1677 2768
420 2769
2673 2770
2627 2771
1070 2772
635 2773
1302 2774
3301 2775
730 2776
2768 2777
1361 2778
165 2779
3346 2780
2367 2781
3537 2782
139 2783
3434 2784
2245 2785
3445 2786
2659 2787
1396 2788
2882 2789
2121 2790
2208 2791
3285 2792
2790 2793
766 2794
2262 2795
2494 2796
391 2797
723 2798
65 2799
1935 2800
2172 2801
1784 2802
3409 2803
1038 2804
3232 2805
1908 2806
2923 2807
3112 2808
489 2809
834 2810
1083 2811
3268 2812
2490 2813
1524 2814
428 2815
1233 2816
56 2817
2215 2818
574 2819
1755 2820
2341 2821
732 2822
1456 2823
362 2824
741 2825
702 2826
3609 2827
2664 2828
3608 2829
2345 2830
877 2831
2419 2832
2938 2833
2376 2834
1856 2835
3086 2836
1716 2837
223 2838
664 2839
3146 2840
672 2841
1123 2842
3521 2843
1243 2844
1412 2845
562 2846
917 2847
4 2848
377 2849
2643 2850
2554 2851
2965 2852
3606 2853
1316 2854
3195 2855
466 2856
3577 2857
118 2858
3070 2859
3362 2860
3138 2861
2523 2862
706 2863
429 2864
5 2865
1574 2866
1332 2867
2991 2868
2752 2869
141 2870
323 2871
55 2872
471 2873
3303 2874
2303 2875
3102 2876
3457 2877
3242 2878
218 2879
1990 2880
2082 2881
1355 2882
1426 2883
1138 2884
411 2885
3605 2886
3131 2887
3443 2888
583 2889
1476 2890
2780 2891
2831 2892
2195 2893
662 2894
338 2895
1601 2896
3182 2897
488 2898
1557 2899
408 2900
2009 2901
2013 2902
2205 2903
3535 2904
870 2905
2579 2906
398 2907
619 2908
671 2909
3633 2910
402 2911
1666 2912
876 2913
512 2914
2124 2915
2378 2916
747 2917
342 2918
3383 2919
1576 2920
1114 2921
160 2922
701 2923
3541 2924
2942 2925
1668 2926
847 2927
963 2928
1830 2929
621 2930
1977 2931
229 2932
437 2933
974 2934
666 2935
2101 2936
889 2937
2524 2938
3256 2939
2072 2940
77 2941
2839 2942
1100 2943
3624 2944
1626 2945
3397 2946
2694 2947
399 2948
396 2949
1961 2950
2581 2951
2663 2952
2939 2953
233 2954
2904 2955
612 2956
2144 2957
3569 2958
3566 2959
1873 2960
3228 2961
2150 2962
3245 2963
79 2964
2354 2965
20 2966
2981 2967
1190 2968
618 2969
493 2970
306 2971
3645 2972
1641 2973
2899 2974
3124 2975
2167 2976
1439 2977
1780 2978
404 2979
1045 2980
2182 2981
66 2982
2004 2983
2492 2984
714 2985
1707 2986
2736 2987
3470 2988
2960 2989
1343 2990
2414 2991
1418 2992
3567 2993
2035 2994
657 2995
1460 2996
2445 2997
2430 2998
1257 2999
1676 3000
2464 3001
1533 3002
2347 3003
2787 3004
378 3005
1957 3006
2956 3007
355 3008
2099 3009
3322 3010
2358 3011
1230 3012
887 3013
3416 3014
3487 3015
265 3016
2152 3017
3492 3018
254 3019
693 3020
1440 3021
1786 3022
1888 3023
601 3024
3449 3025
841 3026
2446 3027
625 3028
2665 3029
1289 3030
2500 3031
2756 3032
733 3033
492 3034
2237 3035
2253 3036
2486 3037
3194 3038
1501 3039
1764 3040
926 3041
1818 3042
3048 3043
938 3044
735 3045
2608 3046
2667 3047
1571 3048
3099 3049
3281 3050
3223 3051
1157 3052
2230 3053
1593 3054
232 3055
2926 3056
710 3057
2442 3058
269 3059
42 3060
2322 3061
1803 3062
2802 3063
2250 3064
3130 3065
3323 3066
1187 3067
123 3068
1681 3069
2406 3070
2355 3071
2059 3072
1648 3073
510 3074
3090 3075
52 3076
673 3077
838 3078
2324 3079
3543 3080
3215 3081
53 3082
2491 3083
81 3084
788 3085
831 3086
1035 3087
476 3088
2373 3089
2682 3090
3540 3091
1419 3092
1534 3093
1496 3094
2620 3095
2512 3096
893 3097
2601 3098
8 3099
469 3100
2449 3101
1741 3102
2915 3103
1296 3104
2568 3105
608 3106
1094 3107
2342 3108
3110 3109
1773 3110
387 3111
1712 3112
3056 3113
685 3114
1718 3115
3113 3116
465 3117
475 3118
2520 3119
111 3120
772 3121
417 3122
751 3123
3619 3124
2294 3125
3471 3126
972 3127
1079 3128
134 3129
2718 3130
3607 3131
2363 3132
2544 3133
1896 3134
2730 3135
350 3136
2065 3137
3137 3138
193 3139
2249 3140
787 3141
1656 3142
2749 3143
3221 3144
611 3145
1084 3146
561 3147
479 3148
2825 3149
3331 3150
68 3151
554 3152
23 3153
2691 3154
928 3155
3117 3156
2647 3157
1978 3158
1074 3159
3499 3160
3050 3161
3614 3162
1724 3163
2479 3164
3080 3165
816 3166
1321 3167
2484 3168
3455 3169
1297 3170
3550 3171
2201 3172
3297 3173
2630 3174
958 3175
3600 3176
2132 3177
2279 3178
501 3179
3085 3180
2862 3181
640 3182
2338 3183
807 3184
821 3185
3159 3186
3139 3187
1017 3188
2097 3189
2905 3190
1583 3191
1584 3192
1863 3193
1833 3194
2005 3195
1590 3196
645 3197
1794 3198
2485 3199
400 3200
363 3201
3039 3202
712 3203
686 3204
2102 3205
3480 3206
2209 3207
3430 3208
2115 3209
2100 3210
1870 3211
3032 3212
1973 3213
381 3214
1597 3215
857 3216
3312 3217
2879 3218
678 3219
1550 3220
2435 3221
822 3222
976 3223
1934 3224
649 3225
397 3226
1467 3227
513 3228
902 3229
2109 3230
2560 3231
2742 3232
1118 3233
539 3234
1913 3235
3107 3236
74 3237
226 3238
1877 3239
2626 3240
1622 3241
267 3242
3165 3243
1466 3244
557 3245
2528 3246
2744 3247
646 3248
158 3249
1607 3250
225 3251
95 3252
3475 3253
1464 3254
962 3255
1617 3256
188 3257
775 3258
1107 3259
78 3260
1695 3261
865 3262
3255 3263
1241 3264
2777 3265
824 3266
2477 3267
1000 3268
289 3269
584 3270
1359 3271
2369 3272
3429 3273
1654 3274
864 3275
1407 3276
830 3277
1063 3278
1066 3279
210 3280
2865 3281
1566 3282
899 3283
3028 3284
1195 3285
738 3286
1632 3287
1759 3288
525 3289
2138 3290
2371 3291
100 3292
2617 3293
1932 3294
222 3295
3209 3296
3046 3297
1605 3298
627 3299
1548 3300
1101 3301
3419 3302
2309 3303
2336 3304
717 3305
1165 3306
375 3307
2155 3308
2551 3309
2028 3310
2919 3311
508 3312
565 3313
457 3314
202 3315
2291 3316
1527 3317
3568 3318
1842 3319
3404 3320
777 3321
84 3322
1062 3323
3291 3324
522 3325
1490 3326
2533 3327
274 3328
1796 3329
579 3330
3274 3331
3198 3332
3057 3333
2599 3334
2797 3335
1915 3336
1434 3337
1435 3338
660 3339
884 3340
2841 3341
3402 3342
1254 3343
1734 3344
1369 3345
1903 3346
2695 3347
59 3348
2488 3349
3119 3350
1293 3351
2119 3352
312 3353
2593 3354
1093 3355
1855 3356
3546 3357
2573 3358
290 3359
908 3360
3121 3361
2930 3362
3078 3363
2025 3364
1283 3365
3489 3366
2433 3367
1298 3368
1425 3369
1702 3370
1256 3371
2557 3372
2192 3373
189 3374
1111 3375
2848 3376
1520 3377
1771 3378
3515 3379
1015 3380
2016 3381
2418 3382
3476 3383
3551 3384
1292 3385
2542 3386
2071 3387
1530 3388
3332 3389
2348 3390
1366 3391
1278 3392
835 3393
6 3394
1701 3395
1137 3396
2135 3397
301 3398
759 3399
1056 3400
388 3401
14 3402
2310 3403
1570 3404
17 3405
977 3406
1694 3407
2229 3408
1487 3409
765 3410
2388 3411
2036 3412
1939 3413
2640 3414
2083 3415
2800 3416
3524 3417
3251 3418
2346 3419
104 3420
2076 3421
1623 3422
2703 3423
496 3424
1846 3425
2570 3426
2366 3427
1721 3428
382 3429
2206 3430
1320 3431
108 3432
1869 3433
2463 3434
1828 3435
573 3436
456 3437
1057 3438
2738 3439
1347 3440
1145 3441
1102 3442
2850 3443
996 3444
2529 3445
581 3446
1260 3447
707 3448
1178 3449
1697 3450
2509 3451
1216 3452
2200 3453
540 3454
19 3455
1691 3456
374 3457
586 3458
3329 3459
2423 3460
995 3461
1408 3462
1362 3463
1768 3464
529 3465
167 3466
3616 3467
57 3468
2933 3469
1491 3470
1451 3471
952 3472
3360 3473
3089 3474
2374 3475
1962 3476
3412 3477
1925 3478
785 3479
3532 3480
3617 3481
1358 3482
3033 3483
2633 3484
675 3485
3472 3486
2766 3487
2196 3488
1028 3489
3436 3490
460 3491
1682 3492
255 3493
199 3494
2606 3495
2803 3496
1924 3497
1923 3498
570 3499
3008 3500
3401 3501
812 3502
3368 3503
2992 3504
1525 3505
1808 3506
2745 3507
739 3508
2288 3509
1263 3510
736 3511
1541 3512
542 3513
414 3514
1510 3515
520 3516
1927 3517
1726 3518
661 3519
2139 3520
1281 3521
281 3522
1442 3523
2909 3524
2384 3525
1001 3526
3631 3527
2174 3528
1892 3529
2833 3530
3190 3531
2874 3532
643 3533
3115 3534
2927 3535
351 3536
2185 3537
2427 3538
2784 3539
3350 3540
3059 3541
344 3542
771 3543
2022 3544
1975 3545
572 3546
2961 3547
980 3548
925 3549
1946 3550
2969 3551
3639 3552
3381 3553
3201 3554
1287 3555
3426 3556
1191 3557
2534 3558
1713 3559
1471 3560
2390 3561
1815 3562
3490 3563
354 3564
1917 3565
346 3566
875 3567
2634 3568
3527 3569
763 3570
481 3571
546 3572
2516 3573
3448 3574
1140 3575
1544 3576
11 3577
2053 3578
1804 3579
1273 3580
459 3581
2460 3582
3120 3583
537 3584
2465 3585
993 3586
452 3587
1806 3588
2872 3589
2361 3590
815 3591
669 3592
448 3593
2453 3594
348 3595
634 3596
3108 3597
2732 3598
2772 3599
3580 3600
3243 3601
2970 3602
2846 3603
900 3604
2809 3605
878 3606
726 3607
800 3608
2670 3609
1949 3610
953 3611
3313 3612
2402 3613
1507 3614
3001 3615
2701 3616
2628 3617
2285 3618
2514 3619
308 3620
2198 3621
2715 3622
906 3623
1754 3624
860 3625
1360 3626
1011 3627
1046 3628
2722 3629
3095 3630
606 3631
2773 3632
549 3633
2197 3634
553 3635
2403 3636
1722 3637
33 3638
2315 3639
2333 3640
203 3641
2381 3642
1055 3643
90 3644
987 3645
3495 3646
2713 3647
1616 3648
3118 3649
221 3650
1334 3651
2672 3652
1052 3653
3218 3654
3289 3655
3156 3656
1401 3657
3498 3658
125 3659
1866 3660
1294 3661
29 3662
1579 3663
2798 3664
1378 3665
708 3666
2236 3667
930 3668
3076 3669
2786 3670
3481 3671
491 3672
3592 3673
1129 3674
989 3675
703 3676
424 3677
1252 3678
3575 3679
2385 3680
371 3681
3189 3682
2276 3683
1201 3684
1251 3685
2576 3686
1132 3687
185 3688
1384 3689
2985 3690
187 3691
244 3692
2999 3693
2561 3694
3595 3695
1503 3696
3454 3697
494 3698
905 3699
820 3700
76 3701
886 3702
2635 3703
2360 3704
3018 3705
2257 3706
1379 3707
1431 3708
2707 3709
2335 3710
143 3711
956 3712
1698 3713
2320 3714
1025 3715
1950 3716
3204 3717
1303 3718
3147 3719
105 3720
2448 3721
356 3722
3555 3723
1868 3724
2511 3725
454 3726
2330 3727
3424 3728
2502 3729
556 3730
2015 3731
3125 3732
653 3733
1134 3734
1424 3735
3111 3736
31 3737
3143 3738
1244 3739
2521 3740
1002 3741
389 3742
2055 3743
2393 3744
605 3745
2265 3746
754 3747
2440 3748
506 3749
1662 3750
2277 3751
2275 3752
3306 3753
1714 3754
3513 3755
2242 3756
3208 3757
213 3758
1979 3759
2251 3760
1536 3761
2631 3762
2639 3763
1696 3764
699 3765
3206 3766
1452 3767
2014 3768
1960 3769
1223 3770
47 3771
1542 3772
224 3773
1920 3774
89 3775
705 3776
1728 3777
3410 3778
1989 3779
1276 3780
1397 3781
951 3782
986 3783
3077 3784
1264 3785
3522 3786
3556 3787
1274 3788
950 3789
604 3790
1918 3791
534 3792
3311 3793
2654 3794
3186 3795
364 3796
2178 3797
461 3798
3433 3799
2680 3800
2377 3801
2308 3802
743 3803
2117 3804
2569 3805
700 3806
2227 3807
155 3808
1454 3809
3365 3810
2741 3811
792 3812
1655 3813
3400 3814
2127 3815
2293 3816
181 3817
2955 3818
2717 3819
1194 3820
3632 3821
2254 3822
1462 3823
2498 3824
3349 3825
3447 3826
2267 3827
321 3828
1850 3829
3372 3830
810 3831
3191 3832
2480 3833
392 3834
1494 3835
3187 3836
2305 3837
2030 3838
2556 3839
2771 3840
191 3841
3087 3842
1710 3843
668 3844
2233 3845
2284 3846
367 3847
175 3848
1812 3849
209 3850
1422 3851
1630 3852
2093 3853
3006 3854
1428 3855
724 3856
2852 3857
1776 3858
3474 3859
515 3860
3497 3861
418 3862
524 3863
3561 3864
16 3865
236 3866
797 3867
1802 3868
2154 3869
1305 3870
1943 3871
1304 3872
2814 3873
3155 3874
750 3875
1097 3876
440 3877
2869 3878
41 3879
1356 3880
2890 3881
1562 3882
1389 3883
580 3884
2924 3885
3500 3886
1239 3887
745 3888
314 3889
241 3890
2359 3891
2549 3892
2020 3893
3252 3894
282 3895
895 3896
1400 3897
1822 3898
2389 3899
1609 3900
910 3901
2326 3902
3114 3903
856 3904
2750 3905
2056 3906
2007 3907
3041 3908
2719 3909
169 3910
1766 3911
1071 3912
3307 3913
1266 3914
3374 3915
2632 3916
1453 3917
35 3918
1512 3919
973 3920
273 3921
3282 3922
38 3923
885 3924
929 3925
1589 3926
1746 3927
2638 3928
83 3929
64 3930
2586 3931
563 3932
109 3933
3298 3934
3584 3935
2080 3936
939 3937
1561 3938
1096 3939
1504 3940
177 3941
2552 3942
2199 3943
3553 3944
3067 3945
3224 3946
353 3947
1336 3948
3325 3949
2953 3950
1089 3951
421 3952
3010 3953
483 3954
1372 3955
1185 3956
2818 3957
3097 3958
975 3959
1373 3960
2855 3961
2226 3962
2910 3963
1502 3964
403 3965
2454 3966
1838 3967
748 3968
1639 3969
1704 3970
2058 3971
1964 3972
205 3973
2685 3974
1853 3975
2042 3976
2527 3977
3241 3978
2510 3979
1860 3980
3510 3981
1791 3982
1488 3983
1474 3984
2328 3985
2893 3986
2395 3987
2179 3988
2325 3989
1161 3990
2499 3991
2545 3992
1821 3993
242 3994
1180 3995
2130 3996
1745 3997
3286 3998
7 3999
138 4000
2256 4001
156 4002
2085 4003
2470 4004
1885 4005
2443 4006
1792 4007
2375 4008
3262 4009
434 4010
3 4011
598 4012
2555 4013
2222 4014
2019 4015
58 4016
2540 4017
528 4018
60 4019
2481 4020
2401 4021
1470 4022
1207 4023
589 4024
1416 4025
1882 4026
2033 4027
1420 4028
1959 4029
1444 4030
70 4031
352 4032
1556 4033
21 4034
903 4035
998 4036
3062 4037
1076 4038
1370 4039
266 4040
3088 4041
2432 4042
2221 4043
2900 4044
2356 4045
1769 4046
2391 4047
3005 4048
823 4049
2949 4050
595 4051
3148 4052
2012 4053
2066 4054
3246 4055
1657 4056
1872 4057
1463 4058
1543 4059
3636 4060
1708 4061
376 4062
2387 4063
3544 4064
3142 4065
441 4066
2729 4067
2270 4068
1984 4069
2946 4070
3340 4071
3570 4072
2292 4073
1147 4074
3339 4075
3212 4076
2883 4077
1985 4078
2161 4079
2675 4080
1183 4081
1761 4082
1826 4083
837 4084
1327 4085
3417 4086
982 4087
3305 4088
942 4089
801 4090
2832 4091
486 4092
200 4093
2441 4094
1907 4095
1914 4096
2350 4097
2894 4098
2696 4099
2902 4100
2353 4101
3538 4102
1511 4103
1559 4104
498 4105
715 4106
2735 4107
2920 4108
2281 4109
1567 4110
2907 4111
1699 4112
3369 4113
2877 4114
2252 4115
2501 4116
514 4117
3248 4118
921 4119
3152 4120
2998 4121
1663 4122
1749 4123
504 4124
120 4125
87 4126
2317 4127
1377 4128
2600 4129
564 4130
1106 4131
1014 4132
1486 4133
2398 4134
1911 4135
2476 4136
92 4137
2357 4138
1285 4139
2535 4140
2040 4141
384 4142
2997 4143
2610 4144
3622 4145
1982 4146
1643 4147
1672 4148
2666 4149
1974 4150
3240 4151
1156 4152
774 4153
1248 4154
2929 4155
2113 4156
2660 4157
112 4158
3465 4159
731 4160
340 4161
3562 4162
1073 4163
1489 4164
3002 4165
2870 4166
1318 4167
594 4168
1638 4169
1673 4170
1705 4171
1500 4172
659 4173
2974 4174
2668 4175
3421 4176
2507 4177
1667 4178
2394 4179
2140 4180
1553 4181
372 4182
2008 4183
75 4184
190 4185
2190 4186
1647 4187
2611 4188
613 4189
3314 4190
3545 4191
651 4192
551 4193
3420 4194
1832 4195
3376 4196
2283 4197
3216 4198
300 4199
2761 4200
1922 4201
67 4202
647 4203
3589 4204
1859 4205
3072 4206
214 4207
2323 4208
1733 4209
968 4210
2424 4211
2754 4212
582 4213
3009 4214
596 4215
415 4216
2216 4217
195 4218
2438 4219
1368 4220
1930 4221
3310 4222
633 4223
304 4224
670 4225
1324 4226
197 4227
1800 4228
2769 4229
283 4230
677 4231
2212 4232
511 4233
3509 4234
1775 4235
863 4236
3468 4237
1516 4238
2301 4239
360 4240
36 4241
1363 4242
1565 4243
2704 4244
2462 4245
161 4246
3363 4247
2574 4248
443 4249
2436 4250
3407 4251
151 4252
2602 4253
2153 4254
1154 4255
1753 4256
2467 4257
602 4258
3157 4259
1438 4260
1560 4261
687 4262
1926 4263
180 4264
2884 4265
874 4266
782 4267
1443 4268
2282 4269
1221 4270
2319 4271
590 4272
2095 4273
3615 4274
1843 4275
3348 4276
182 4277
464 4278
3599 4279
2532 4280
3214 4281
913 4282
3003 4283
1895 4284
2964 4285
850 4286
1592 4287
320 4288
1197 4289
3047 4290
2932 4291
1637 4292
2052 4293
1967 4294
1049 4295
2413 4296
48 4297
2426 4298
2699 4299
1003 4300
2967 4301
849 4302
859 4303
1730 4304
2337 4305
480 4306
1319 4307
1059 4308
3618 4309
3507 4310
3226 4311
3283 4312
2316 4313
638 4314
1271 4315
3364 4316
2386 4317
3083 4318
2928 4319
2559 4320
2835 4321
3335 4322
981 4323
2655 4324
413 4325
1862 4326
1952 4327
729 4328
711 4329
3037 4330
752 4331
3395 4332
2625 4333
3336 4334
1981 4335
1852 4336
251 4337
3069 4338
296 4339
1220 4340
1308 4341
2489 4342
1747 4343
836 4344
1953 4345
2145 4346
1117 4347
3431 4348
1848 4349
335 4350
467 4351
1268 4352
231 4353
2547 4354
1909 4355
2603 4356
2810 4357
1535 4358
1610 4359
49 4360
538 4361
148 4362
2166 4363
3290 4364
2828 4365
447 4366
892 4367
1219 4368
171 4369
1222 4370
3367 4371
1290 4372
3520 4373
2105 4374
1883 4375
3144 4376
3493 4377
3211 4378
1382 4379
2340 4380
425 4381
2429 4382
1060 4383
2842 4384
484 4385
430 4386
770 4387
1270 4388
2940 4389
1598 4390
626 4391
791 4392
1307 4393
40 4394
1879 4395
1762 4396
3386 4397
3294 4398
278 4399
2193 4400
2471 4401
292 4402
2636 4403
186 4404
1793 4405
1150 4406
2984 4407
2957 4408
318 4409
2046 4410
3025 4411
727 4412
1301 4413
2258 4414
256 4415
1603 4416
329 4417
1141 4418
325 4419
2017 4420
3549 4421
1532 4422
1026 4423
1170 4424
2563 4425
3011 4426
3071 4427
1849 4428
1649 4429
2037 4430
1841 4431
1545 4432
3253 4433
2892 4434
3213 4435
3207 4436
2721 4437
216 4438
1279 4439
1133 4440
238 4441
3004 4442
142 4443
2861 4444
1348 4445
681 4446
518 4447
3432 4448
2173 4449
1246 4450
1693 4451
1115 4452
1521 4453
1839 4454
1387 4455
3180 4456
3260 4457
3021 4458
3330 4459
1878 4460
2468 4461
228 4462
2220 4463
2412 4464
1783 4465
412 4466
2778 4467
311 4468
1469 4469
315 4470
1711 4471
482 4472
694 4473
1461 4474
2329 4475
2891 4476
1200 4477
3469 4478
897 4479
721 4480
1993 4481
720 4482
2740 4483
3613 4484
1748 4485
1578 4486
1480 4487
1459 4488
2648 4489
2917 4490
2575 4491
2397 4492
401 4493
2687 4494
410 4495
780 4496
1250 4497
3422 4498
3525 4499
2274 4500
1884 4501
2416 4502
2888 4503
3031 4504
2011 4505
1153 4506
3140 4507
2343 4508
896 4509
3341 4510
1529 4511
521 4512
211 4513
3172 4514
2496 4515
3079 4516
253 4517
2951 4518
3012 4519
1563 4520
961 4521
1457 4522
845 4523
1942 4524
1465 4525
3299 4526
2913 4527
3641 4528
2588 4529
2213 4530
2006 4531
1854 4532
3304 4533
1258 4534
302 4535
2405 4536
1315 4537
1421 4538
2895 4539
2525 4540
2314 4541
843 4542
1104 4543
1604 4544
1564 4545
1163 4546
2546 4547
3205 4548
3463 4549
220 4550
3559 4551
3623 4552
3123 4553
789 4554
3042 4555
3450 4556
2578 4557
3084 4558
164 4559
1627 4560
2851 4561
1777 4562
616 4563
3326 4564
3126 4565
1688 4566
665 4567
1098 4568
3514 4569
1635 4570
1383 4571
2587 4572
1750 4573
1044 4574
1262 4575
463 4576
3403 4577
1837 4578
1619 4579
3154 4580
2860 4581
3427 4582
71 4583
1136 4584
3557 4585
497 4586
3585 4587
2844 4588
3264 4589
1349 4590
2123 4591
2979 4592
50 4593
2597 4594
1144 4595
2973 4596
3451 4597
250 4598
682 4599
2615 4600
2159 4601
1399 4602
3621 4603
1956 4604
1799 4605
1585 4606
97 4607
1018 4608
3539 4609
128 4610
2278 4611
1433 4612
737 4613
1640 4614
3583 4615
3593 4616
279 4617
1209 4618
1687 4619
149 4620
3385 4621
3045 4622
2616 4623
1720 4624
946 4625
357 4626
1247 4627
846 4628
1587 4629
54 4630
1740 4631
69 4632
1797 4633
3399 4634
2580 4635
1692 4636
1364 4637
978 4638
472 4639
1774 4640
781 4641
2243 4642
3628 4643
3052 4644
960 4645
261 4646
