3215620 1001
2967201 1002
2582232 1003
2661469 1004
4866237 1005
743414 1006
3579871 1007
1044710 1008
2229603 1009
286807 1010
521334 1011
747048 1012
129700 1013
1489371 1014
4762262 1015
3869715 1016
2598099 1017
1787731 1018
2027485 1019
2453701 1020
3876466 1021
3915737 1022
2531307 1023
137850 1024
3234727 1025
2068637 1026
616792 1027
3591622 1028
3773856 1029
3965862 1030
2246035 1031
3855789 1032
2889182 1033
3258353 1034
620475 1035
599229 1036
4569395 1037
4466486 1038
4292276 1039
2038760 1040
4305693 1041
5061417 1042
1024061 1043
3236572 1044
4487429 1045
938207 1046
407106 1047
3397177 1048
4158148 1049
3707737 1050
2058065 1051
2475475 1052
5067173 1053
4940506 1054
4632445 1055
3971500 1056
310632 1057
1818802 1058
154698 1059
3918676 1060
3441548 1061
1651995 1062
1779441 1063
3378738 1064
3792151 1065
3849143 1066
319341 1067
4870681 1068
5081099 1069
1532457 1070
1750686 1071
823350 1072
1406896 1073
1921488 1074
1796255 1075
1447626 1076
2884250 1077
3803098 1078
1905432 1079
2799125 1080
1589561 1081
180935 1082
4094483 1083
4068956 1084
2628773 1085
754608 1086
2139532 1087
1291315 1088
2404891 1089
3564897 1090
4912239 1091
4626141 1092
2101968 1093
1444258 1094
3145337 1095
1117939 1096
1805574 1097
2165639 1098
2709718 1099
149730 1100
3128766 1101
3072389 1102
184756 1103
547137 1104
3147410 1105
4806408 1106
4678413 1107
541926 1108
3189426 1109
3608090 1110
5123025 1111
317843 1112
2587025 1113
3233653 1114
3497027 1115
2649809 1116
5155922 1117
598644 1118
3822898 1119
4824003 1120
3379926 1121
3949923 1122
1069977 1123
295398 1124
3254471 1125
921573 1126
561430 1127
3047730 1128
1359976 1129
5125742 1130
4196768 1131
2682266 1132
439476 1133
3387793 1134
2158628 1135
2386343 1136
241270 1137
381355 1138
3433773 1139
2281549 1140
4175022 1141
3310471 1142
577224 1143
1790667 1144
3964583 1145
3936216 1146
4368693 1147
3875582 1148
832989 1149
3696026 1150
4661581 1151
1111378 1152
3520860 1153
1692072 1154
407509 1155
2479772 1156
1706729 1157
1937071 1158
2137654 1159
4207183 1160
3533007 1161
279673 1162
2779095 1163
2565165 1164
4909682 1165
1564214 1166
3161936 1167
1119173 1168
5109118 1169
4002947 1170
3922450 1171
4624139 1172
4214435 1173
4587613 1174
4934597 1175
1226009 1176
2125655 1177
729802 1178
314275 1179
72449 1180
1022848 1181
4173841 1182
2931525 1183
2281718 1184
3899581 1185
870333 1186
1074359 1187
325430 1188
1919986 1189
2261537 1190
2739418 1191
544273 1192
3034696 1193
1107401 1194
4304778 1195
603871 1196
2228280 1197
4204607 1198
4865000 1199
2289382 1200
4091753 1201
5094202 1202
3298379 1203
1227141 1204
2651237 1205
457912 1206
538391 1207
305317 1208
2238350 1209
240803 1210
3491281 1211
4499425 1212
2934068 1213
3142361 1214
3858022 1215
3330046 1216
1811685 1217
1925177 1218
4184414 1219
1910187 1220
658010 1221
1706873 1222
2199114 1223
2695122 1224
4349979 1225
2298326 1226
2773494 1227
204584 1228
952891 1229
2039449 1230
356142 1231
1727935 1232
192359 1233
2990463 1234
2113009 1235
836768 1236
160615 1237
1500579 1238
808558 1239
4481717 1240
1314071 1241
2363788 1242
3511368 1243
1755595 1244
2543947 1245
3276360 1246
735378 1247
1708318 1248
4593096 1249
615341 1250
3523872 1251
2095891 1252
3705795 1253
4545121 1254
3247618 1255
2592457 1256
383913 1257
2787831 1258
2719015 1259
256349 1260
3542877 1261
4400023 1262
3830791 1263
4054448 1264
3500631 1265
5006577 1266
3782835 1267
483057 1268
2250064 1269
3665112 1270
4601320 1271
2999092 1272
3981965 1273
1715248 1274
1772168 1275
1331350 1276
1175313 1277
4491923 1278
4055776 1279
4818203 1280
4583938 1281
980394 1282
2284477 1283
2275104 1284
1463634 1285
1411566 1286
2265997 1287
1500050 1288
1196834 1289
3179582 1290
705550 1291
2678072 1292
191709 1293
985089 1294
657327 1295
2312726 1296
675573 1297
1599866 1298
53936 1299
451991 1300
936646 1301
3343477 1302
1944856 1303
4987973 1304
988841 1305
741484 1306
3507694 1307
4094737 1308
2886103 1309
1121235 1310
4364929 1311
4827333 1312
584160 1313
2272872 1314
4725153 1315
745985 1316
2053521 1317
696383 1318
1262538 1319
1985259 1320
4777924 1321
4517152 1322
4394639 1323
4438744 1324
4216407 1325
4930963 1326
711782 1327
161867 1328
3858784 1329
2199630 1330
2790653 1331
1183415 1332
680261 1333
2422515 1334
2911941 1335
2760863 1336
4063028 1337
2899024 1338
2091937 1339
3799777 1340
4506851 1341
4638425 1342
4331234 1343
912976 1344
4903834 1345
4095210 1346
2853367 1347
4638409 1348
121226 1349
455559 1350
368025 1351
4193221 1352
547115 1353
714906 1354
1452939 1355
3000933 1356
569164 1357
1331682 1358
4712530 1359
3587604 1360
4307760 1361
1081865 1362
2995341 1363
1849653 1364
1328948 1365
2046560 1366
556125 1367
4345536 1368
1525268 1369
142920 1370
2303251 1371
3225981 1372
571374 1373
4697937 1374
2663482 1375
4913182 1376
3000237 1377
2213501 1378
466298 1379
484754 1380
3158146 1381
602685 1382
1367549 1383
354876 1384
633749 1385
3244401 1386
87843 1387
2220235 1388
1656913 1389
2343713 1390
3685970 1391
4252365 1392
2122416 1393
1546534 1394
2285934 1395
474935 1396
3603903 1397
1043121 1398
347891 1399
1495134 1400
4147422 1401
2811065 1402
1535579 1403
738609 1404
4087261 1405
1520327 1406
4499378 1407
2256302 1408
2822939 1409
1711192 1410
3778112 1411
425411 1412
1174822 1413
2160688 1414
772674 1415
4429214 1416
482819 1417
351205 1418
4314663 1419
3325141 1420
2005966 1421
3071121 1422
4719949 1423
122408 1424
4960142 1425
4149839 1426
5136894 1427
4309120 1428
1738875 1429
4791973 1430
858194 1431
3090500 1432
2363383 1433
1629779 1434
885933 1435
2843145 1436
2075785 1437
2918960 1438
3491203 1439
1881013 1440
2435475 1441
1033405 1442
5036799 1443
2612789 1444
2622918 1445
5086423 1446
5062984 1447
3856077 1448
1880775 1449
4502380 1450
750889 1451
5023296 1452
981387 1453
4879793 1454
4956897 1455
396715 1456
851013 1457
1389536 1458
4502334 1459
321595 1460
3661820 1461
512521 1462
4714629 1463
3591220 1464
4293421 1465
3951462 1466
3094399 1467
4390181 1468
1382649 1469
3285885 1470
4724220 1471
1044905 1472
83599 1473
3633611 1474
1598990 1475
4567977 1476
4359138 1477
2235869 1478
4443559 1479
241555 1480
2731019 1481
1169462 1482
2657182 1483
4049239 1484
23973 1485
524065 1486
559508 1487
1730773 1488
2467209 1489
703611 1490
1646445 1491
2175442 1492
4027504 1493
2661210 1494
4343969 1495
1520687 1496
4879155 1497
4100469 1498
2104227 1499
1137747 1500
3347486 1501
3114476 1502
2461248 1503
35431 1504
3839660 1505
2558603 1506
2576922 1507
3973743 1508
1257988 1509
5146195 1510
4471768 1511
1458096 1512
1892971 1513
4504033 1514
3036333 1515
3044930 1516
883196 1517
908018 1518
1069990 1519
5007157 1520
2296609 1521
2894420 1522
1709409 1523
4523863 1524
4008418 1525
3285727 1526
1675789 1527
434476 1528
2402398 1529
4644265 1530
1513906 1531
505824 1532
490602 1533
4306696 1534
4632344 1535
2477759 1536
3478916 1537
1802204 1538
973198 1539
4142184 1540
4270970 1541
2410201 1542
3161973 1543
2870990 1544
2696534 1545
3826458 1546
682451 1547
794120 1548
1075975 1549
1418122 1550
3415133 1551
2764787 1552
2020497 1553
654637 1554
1682870 1555
1490774 1556
3057515 1557
988951 1558
4574184 1559
4767769 1560
3372989 1561
1909515 1562
4358219 1563
3169895 1564
1954436 1565
5077639 1566
1817964 1567
4506512 1568
2953080 1569
3334864 1570
2531901 1571
1820860 1572
3919004 1573
3548720 1574
1806381 1575
1335185 1576
1986020 1577
2343919 1578
4361843 1579
4078572 1580
137093 1581
586472 1582
1734203 1583
4209495 1584
4092457 1585
3555437 1586
265985 1587
3118511 1588
4387640 1589
1168346 1590
4681232 1591
730132 1592
1683076 1593
724626 1594
2789294 1595
3810981 1596
4914935 1597
765515 1598
4994254 1599
2958874 1600
3250020 1601
4945572 1602
4635539 1603
755064 1604
364599 1605
810130 1606
2794909 1607
2680728 1608
4263304 1609
2325438 1610
3839978 1611
2852008 1612
5009684 1613
2995795 1614
450734 1615
4568251 1616
802644 1617
1342769 1618
1803651 1619
137991 1620
2069373 1621
2200870 1622
4123558 1623
171663 1624
4727115 1625
4914069 1626
264220 1627
701729 1628
3618277 1629
4692913 1630
1120968 1631
2356482 1632
4291822 1633
3066229 1634
4958198 1635
1089157 1636
1397311 1637
565470 1638
3909642 1639
1908535 1640
2030979 1641
3707584 1642
3205370 1643
4587793 1644
4443059 1645
3112241 1646
1364547 1647
3301005 1648
4313507 1649
3738246 1650
3957568 1651
2236361 1652
4590897 1653
3874590 1654
3403879 1655
3419690 1656
1157257 1657
4567841 1658
1011124 1659
3683256 1660
1102431 1661
1620269 1662
2845244 1663
692968 1664
2910960 1665
116309 1666
1101548 1667
4041131 1668
460565 1669
2984230 1670
2704930 1671
2723603 1672
4434755 1673
4119372 1674
2767503 1675
1804521 1676
1718942 1677
1178573 1678
2010982 1679
2310337 1680
288312 1681
433 1682
448817 1683
2217254 1684
1329288 1685
4224280 1686
4950601 1687
4293745 1688
4670550 1689
3187361 1690
1607855 1691
1081769 1692
3422317 1693
2908317 1694
2971588 1695
2236843 1696
3155956 1697
1828158 1698
1905741 1699
4754592 1700
4772812 1701
673170 1702
1083980 1703
3829029 1704
2089054 1705
572225 1706
25617 1707
2281374 1708
182454 1709
1073842 1710
347750 1711
2508148 1712
2723918 1713
1141055 1714
4652119 1715
3936531 1716
367929 1717
4821799 1718
939641 1719
801822 1720
4798549 1721
1624241 1722
1451782 1723
4247025 1724
1245531 1725
4452314 1726
3354045 1727
4568084 1728
3326561 1729
90310 1730
1481637 1731
1343567 1732
4958636 1733
2226553 1734
4070356 1735
3467047 1736
1042516 1737
1436125 1738
829406 1739
1486733 1740
4880527 1741
4259847 1742
5125437 1743
2637110 1744
2310171 1745
184268 1746
2773307 1747
3665944 1748
1834374 1749
4504766 1750
1123255 1751
3268071 1752
2398613 1753
4017824 1754
4535772 1755
4862013 1756
2190248 1757
2318646 1758
4006082 1759
1357879 1760
4788719 1761
1542598 1762
2032955 1763
4417703 1764
2850921 1765
2208509 1766
3078815 1767
3033663 1768
2708655 1769
3036941 1770
24081 1771
149907 1772
315173 1773
5139402 1774
204858 1775
1475094 1776
2634574 1777
3632679 1778
2636994 1779
4481730 1780
2584896 1781
2951799 1782
4687729 1783
1569881 1784
3749074 1785
2331370 1786
4406643 1787
3770487 1788
2695523 1789
174891 1790
1286197 1791
3169458 1792
1608075 1793
2765909 1794
1034733 1795
74876 1796
403364 1797
1287907 1798
4920159 1799
4719912 1800
947378 1801
4275125 1802
2081505 1803
1922636 1804
4889922 1805
4219594 1806
4614502 1807
520512 1808
11611 1809
4254093 1810
4488117 1811
3490176 1812
3305159 1813
281301 1814
2995315 1815
3700663 1816
1062580 1817
2842847 1818
2378780 1819
3057485 1820
4600543 1821
1326811 1822
2842113 1823
4072909 1824
2387410 1825
1654143 1826
4221604 1827
3370650 1828
1637621 1829
206323 1830
2637430 1831
1447842 1832
1965186 1833
3766282 1834
5159189 1835
3525772 1836
1681373 1837
4377391 1838
3137114 1839
603203 1840
890124 1841
2955846 1842
4702762 1843
2375826 1844
1838757 1845
1707074 1846
1562036 1847
3981509 1848
2594906 1849
1027272 1850
693361 1851
1874555 1852
2827039 1853
3572504 1854
844977 1855
3629812 1856
1101752 1857
724262 1858
3972894 1859
922783 1860
4908095 1861
2307515 1862
4861356 1863
222342 1864
955861 1865
942938 1866
4132739 1867
1375489 1868
3953938 1869
525327 1870
2291449 1871
4869314 1872
3429482 1873
3034228 1874
4360347 1875
4421804 1876
4461227 1877
860721 1878
3735915 1879
4238722 1880
1041984 1881
1843379 1882
1402604 1883
4772038 1884
4058435 1885
2588261 1886
2885825 1887
3907000 1888
4664336 1889
4127881 1890
2700523 1891
301639 1892
894229 1893
5021686 1894
3078940 1895
2976565 1896
5035585 1897
1481154 1898
932284 1899
1144771 1900
3242346 1901
749954 1902
769153 1903
1043714 1904
3070628 1905
3717828 1906
319652 1907
1720105 1908
3438195 1909
4157341 1910
3462704 1911
2808199 1912
3331520 1913
2267309 1914
3478162 1915
1188468 1916
2213792 1917
3586189 1918
507118 1919
3987224 1920
5076029 1921
1405546 1922
1977520 1923
1241184 1924
4203288 1925
3124309 1926
763806 1927
1880908 1928
4862918 1929
2763487 1930
2853944 1931
2309589 1932
1628109 1933
2501949 1934
29805 1935
202825 1936
3199088 1937
3403515 1938
3004847 1939
1844109 1940
5079196 1941
2867123 1942
216621 1943
4027617 1944
3481591 1945
1808016 1946
4417796 1947
2535248 1948
1729441 1949
636065 1950
3312811 1951
3313049 1952
2643223 1953
1821451 1954
3018564 1955
3132936 1956
4013478 1957
4922647 1958
1982534 1959
1555815 1960
1881443 1961
1108381 1962
4950572 1963
750753 1964
3686404 1965
3867803 1966
3848162 1967
4680408 1968
561662 1969
3173757 1970
3168448 1971
2430856 1972
2221979 1973
3744268 1974
3548268 1975
2279684 1976
4586168 1977
4156434 1978
3502951 1979
2015127 1980
261831 1981
3593092 1982
2273818 1983
2318385 1984
4759006 1985
4336954 1986
5030834 1987
2990354 1988
5125913 1989
3371077 1990
5128914 1991
237909 1992
1783613 1993
3264887 1994
113689 1995
1117328 1996
2338359 1997
488088 1998
4774357 1999
1713641 2000
3054646 2001
344753 2002
535063 2003
2364291 2004
3854230 2005
507611 2006
2604603 2007
3109729 2008
459701 2009
265186 2010
981378 2011
4749809 2012
4071470 2013
3167354 2014
1692600 2015
3986601 2016
1176706 2017
2687559 2018
2345617 2019
747520 2020
3020027 2021
2701976 2022
1378472 2023
4319406 2024
1267593 2025
3329640 2026
1222518 2027
4968972 2028
4367355 2029
2670221 2030
5007707 2031
2387441 2032
3548957 2033
3605668 2034
3640792 2035
1258453 2036
4284379 2037
2779526 2038
1168728 2039
4909367 2040
3717676 2041
3663546 2042
2250589 2043
4462545 2044
4471603 2045
1379427 2046
317359 2047
1734292 2048
3493501 2049
4126615 2050
2833701 2051
4024974 2052
263533 2053
1666712 2054
2967582 2055
3197552 2056
1654137 2057
3736086 2058
2602113 2059
11441 2060
1433831 2061
3651512 2062
866476 2063
1890474 2064
2907526 2065
1870614 2066
3859648 2067
1853155 2068
2168135 2069
1912873 2070
403792 2071
5025522 2072
3391966 2073
1482244 2074
1189521 2075
4513717 2076
751969 2077
4708123 2078
4201379 2079
1115226 2080
451147 2081
1098779 2082
4161647 2083
4384862 2084
768898 2085
2145847 2086
3117703 2087
4840649 2088
4867693 2089
625894 2090
1995228 2091
2828518 2092
1357712 2093
4831403 2094
4451081 2095
778183 2096
2800742 2097
796975 2098
1742740 2099
4718804 2100
3911797 2101
3904004 2102
4564667 2103
425903 2104
3771598 2105
4302739 2106
1002439 2107
3377603 2108
3352912 2109
2103181 2110
1067412 2111
2835355 2112
4890733 2113
4152765 2114
2381548 2115
4056069 2116
5114138 2117
2822299 2118
3826932 2119
4412085 2120
4325090 2121
62302 2122
2174245 2123
3720358 2124
4889359 2125
3626755 2126
1348133 2127
2032854 2128
5033661 2129
4490146 2130
891517 2131
2216969 2132
3106166 2133
2084022 2134
3224012 2135
2654232 2136
1707698 2137
1764235 2138
3929372 2139
4411483 2140
3916738 2141
965812 2142
1128375 2143
43081 2144
4146779 2145
2662520 2146
742560 2147
4949912 2148
4011015 2149
1563389 2150
2360940 2151
4691904 2152
3934909 2153
1850198 2154
1034594 2155
1172574 2156
2110059 2157
955544 2158
43830 2159
409465 2160
2443514 2161
1659056 2162
3691233 2163
4657944 2164
1055823 2165
1445511 2166
4760976 2167
3640468 2168
2210613 2169
1408491 2170
2133160 2171
5001740 2172
3664553 2173
3289201 2174
2623624 2175
1156601 2176
549087 2177
2820520 2178
3122676 2179
3922070 2180
978308 2181
3985007 2182
2044789 2183
1985722 2184
1314310 2185
4642353 2186
4760181 2187
2479928 2188
1162524 2189
1995609 2190
4172021 2191
1452632 2192
1250810 2193
3203207 2194
2753150 2195
513808 2196
4322404 2197
4801888 2198
1136613 2199
3934888 2200
5039501 2201
4857889 2202
1861029 2203
4574335 2204
4400660 2205
115535 2206
4686509 2207
1684432 2208
5114494 2209
1750706 2210
145669 2211
1029005 2212
5090995 2213
2619126 2214
4836537 2215
1346835 2216
3831754 2217
426157 2218
1798972 2219
1747422 2220
619271 2221
4959134 2222
4777629 2223
2890904 2224
5080506 2225
1276222 2226
4964344 2227
484322 2228
1793823 2229
702177 2230
59335 2231
3173687 2232
527691 2233
554894 2234
1723753 2235
3677049 2236
4668305 2237
2237253 2238
158456 2239
3304475 2240
1984557 2241
1123370 2242
2659235 2243
2040053 2244
684732 2245
4161852 2246
4358522 2247
2884496 2248
875461 2249
3715084 2250
157961 2251
3544246 2252
942492 2253
3315997 2254
744753 2255
1918132 2256
1171629 2257
4262924 2258
3735341 2259
4424720 2260
1314345 2261
1128620 2262
2189117 2263
3324300 2264
2283267 2265
2933258 2266
4227358 2267
3609817 2268
4348796 2269
4592708 2270
4216747 2271
3334664 2272
1073564 2273
3193281 2274
4696642 2275
2340258 2276
4823008 2277
3651961 2278
2528352 2279
1805343 2280
76038 2281
2335594 2282
4024085 2283
3203257 2284
267531 2285
2822131 2286
3757664 2287
4874897 2288
1991721 2289
2971425 2290
2271370 2291
3681606 2292
4698451 2293
2971831 2294
2839333 2295
3654805 2296
3845548 2297
3287885 2298
1542908 2299
3337029 2300
2808995 2301
4171965 2302
3656216 2303
505787 2304
5019632 2305
3297569 2306
3240239 2307
892452 2308
1682704 2309
4478949 2310
1910706 2311
1366294 2312
1870902 2313
1129189 2314
2862052 2315
3285937 2316
2185420 2317
545443 2318
3000191 2319
3767951 2320
3258018 2321
2847992 2322
4869718 2323
104735 2324
2477700 2325
1004046 2326
1208659 2327
4645237 2328
1471403 2329
1116495 2330
4547105 2331
4461986 2332
3995017 2333
1590317 2334
552700 2335
1304458 2336
4046628 2337
992517 2338
1608552 2339
3307922 2340
3140690 2341
1501077 2342
2161195 2343
3494412 2344
3875410 2345
4971595 2346
2042607 2347
3327629 2348
3775922 2349
2849670 2350
1254537 2351
615553 2352
736730 2353
2104968 2354
3523958 2355
2560262 2356
3877045 2357
3964755 2358
4572207 2359
4097765 2360
44492 2361
4584309 2362
3915321 2363
714739 2364
1365539 2365
4907854 2366
25397 2367
4554568 2368
3102886 2369
1504299 2370
3674301 2371
4104621 2372
2873143 2373
940219 2374
3967698 2375
309375 2376
2284927 2377
4521158 2378
4880869 2379
3925235 2380
3904448 2381
3893806 2382
2090724 2383
4773878 2384
3589681 2385
4907030 2386
2097574 2387
3907480 2388
2284378 2389
3943756 2390
4918788 2391
2505071 2392
2691816 2393
3689045 2394
721367 2395
2216143 2396
1569585 2397
4587532 2398
3232992 2399
2925287 2400
950626 2401
4938726 2402
3292161 2403
3350723 2404
3956619 2405
3975603 2406
1903456 2407
4597354 2408
1688983 2409
1203422 2410
2291848 2411
1181742 2412
779368 2413
1646264 2414
4573304 2415
3790094 2416
1828978 2417
1005904 2418
1110843 2419
4431055 2420
4412327 2421
4735054 2422
4371202 2423
1622038 2424
2579317 2425
3879906 2426
2092675 2427
1245466 2428
391260 2429
1883901 2430
1326795 2431
1950799 2432
1675257 2433
3014483 2434
4590326 2435
2676213 2436
1281173 2437
3444731 2438
3388117 2439
726934 2440
2436054 2441
2165016 2442
1958054 2443
4719377 2444
2195156 2445
2066907 2446
5095057 2447
1181263 2448
1883033 2449
4714894 2450
5071478 2451
656733 2452
3593342 2453
2304016 2454
1038045 2455
1230181 2456
1189549 2457
990352 2458
591684 2459
370555 2460
603667 2461
3139182 2462
4846705 2463
1301197 2464
3234927 2465
3756403 2466
4654815 2467
4380800 2468
985539 2469
2245707 2470
1003254 2471
3519806 2472
642540 2473
1204080 2474
894398 2475
4411651 2476
2825346 2477
4772846 2478
3222423 2479
4996635 2480
995850 2481
1763843 2482
24834 2483
3105628 2484
5096799 2485
1049580 2486
2593488 2487
3702768 2488
74403 2489
2471708 2490
3083709 2491
4786532 2492
1372456 2493
2577019 2494
23357 2495
3910164 2496
3551756 2497
1700043 2498
2020505 2499
2364742 2500
1669844 2501
2450440 2502
3392311 2503
198641 2504
4459384 2505
5080246 2506
4009222 2507
3598720 2508
1910915 2509
3299330 2510
2636778 2511
3239968 2512
4397663 2513
566578 2514
987434 2515
2204691 2516
600017 2517
2378905 2518
2112532 2519
3720887 2520
2798562 2521
4283791 2522
4238924 2523
3067617 2524
3637124 2525
213322 2526
148392 2527
3093407 2528
3891624 2529
1773210 2530
1067457 2531
2282299 2532
513987 2533
2000626 2534
2672014 2535
976823 2536
1387295 2537
4517249 2538
1031759 2539
995603 2540
1639543 2541
809179 2542
3864000 2543
5117987 2544
359806 2545
4366869 2546
3934404 2547
104287 2548
143803 2549
1184210 2550
2522943 2551
4602137 2552
1361448 2553
891991 2554
1074025 2555
2934810 2556
3549495 2557
2208291 2558
626974 2559
4558521 2560
4840072 2561
1955142 2562
2299355 2563
3687813 2564
924464 2565
921305 2566
867356 2567
16679 2568
5076206 2569
2084337 2570
941304 2571
5130946 2572
2805466 2573
4140167 2574
403950 2575
1909534 2576
952077 2577
4850435 2578
3953313 2579
3357105 2580
1553774 2581
671147 2582
2874476 2583
2604841 2584
3634800 2585
995242 2586
4961929 2587
5063857 2588
3122135 2589
1174502 2590
1581139 2591
1989190 2592
4418965 2593
940272 2594
482493 2595
2762509 2596
3648911 2597
2953778 2598
3632169 2599
2461423 2600
1575732 2601
1014006 2602
3529774 2603
4740109 2604
780775 2605
1470675 2606
2598539 2607
537301 2608
1102119 2609
1582567 2610
1581980 2611
372727 2612
570925 2613
372361 2614
4257278 2615
894929 2616
1873925 2617
2701354 2618
143005 2619
1235827 2620
4186966 2621
1992652 2622
1415828 2623
3246699 2624
1670685 2625
377380 2626
3685477 2627
709382 2628
4037414 2629
4907289 2630
1939865 2631
4811514 2632
3102653 2633
3451571 2634
494912 2635
1994949 2636
2020265 2637
2587893 2638
176494 2639
1757114 2640
540344 2641
1429002 2642
1148375 2643
1852978 2644
223121 2645
1138 2646
4200148 2647
988729 2648
155943 2649
940743 2650
2178981 2651
3051923 2652
1141409 2653
1219386 2654
1209832 2655
4561458 2656
3483381 2657
2924603 2658
3987442 2659
4965391 2660
1931523 2661
418246 2662
4644144 2663
3529838 2664
5093019 2665
2643831 2666
4913374 2667
5067020 2668
2732511 2669
3570317 2670
4110768 2671
4191603 2672
555181 2673
5151051 2674
837694 2675
3727111 2676
3278354 2677
4804181 2678
5073358 2679
4667064 2680
1579451 2681
2177437 2682
2727437 2683
2440937 2684
1011854 2685
2931320 2686
657438 2687
4485835 2688
3179848 2689
3121072 2690
386540 2691
2802933 2692
1590900 2693
3421766 2694
2866496 2695
1149686 2696
946974 2697
1828241 2698
1220359 2699
3117266 2700
911299 2701
1199562 2702
1162772 2703
3984387 2704
2203976 2705
4895252 2706
3153301 2707
1834513 2708
1527148 2709
2100298 2710
2473310 2711
1158079 2712
5005919 2713
4845809 2714
4702179 2715
1744038 2716
2115717 2717
3238760 2718
4296993 2719
2414620 2720
2664099 2721
176163 2722
3589727 2723
1791595 2724
1047109 2725
1793572 2726
1045382 2727
2682781 2728
1870818 2729
1381431 2730
11517 2731
1016570 2732
2629108 2733
248133 2734
5044230 2735
2681404 2736
3480026 2737
3944567 2738
271696 2739
2084996 2740
2784744 2741
3509899 2742
3501807 2743
1927740 2744
369884 2745
2879067 2746
1963057 2747
2582726 2748
2571093 2749
5113487 2750
1958894 2751
1380297 2752
1452926 2753
540779 2754
2316862 2755
2290512 2756
2357441 2757
2620385 2758
317805 2759
2168124 2760
3077956 2761
1045251 2762
3005342 2763
1734670 2764
2279240 2765
4183395 2766
2280709 2767
862637 2768
710368 2769
4927282 2770
267687 2771
3400958 2772
375570 2773
3444123 2774
1850096 2775
4946821 2776
761515 2777
2009815 2778
1607451 2779
3459267 2780
3136994 2781
5122158 2782
1898903 2783
277977 2784
17220 2785
422912 2786
3462124 2787
72144 2788
2782535 2789
1113854 2790
347712 2791
3806109 2792
4352587 2793
849451 2794
3715324 2795
1627759 2796
1175867 2797
343692 2798
3485113 2799
3361571 2800
4877113 2801
2306919 2802
3119316 2803
3266580 2804
3642260 2805
4125341 2806
5084655 2807
3066300 2808
1883768 2809
5058236 2810
3267391 2811
4428313 2812
2243760 2813
2854923 2814
438670 2815
1120162 2816
737250 2817
3265014 2818
2395915 2819
4736960 2820
4257843 2821
2246446 2822
277597 2823
1496810 2824
4425668 2825
4533366 2826
4762383 2827
2821306 2828
2494229 2829
87212 2830
3776212 2831
836912 2832
4505862 2833
4219087 2834
5035023 2835
3966987 2836
2630700 2837
3518134 2838
4829107 2839
4680335 2840
4510105 2841
4957915 2842
3294580 2843
5043836 2844
3707910 2845
1838487 2846
4158003 2847
4566989 2848
1817276 2849
4080643 2850
2697897 2851
2832186 2852
4220318 2853
4882928 2854
3019870 2855
4401463 2856
2682097 2857
4549308 2858
4075868 2859
4489811 2860
1737077 2861
4607204 2862
774756 2863
4654918 2864
3012730 2865
2638042 2866
2481552 2867
2876210 2868
4131524 2869
2654502 2870
813082 2871
1777337 2872
2989922 2873
4458366 2874
1744531 2875
863447 2876
3711568 2877
3857903 2878
2237595 2879
3124329 2880
3262741 2881
3216639 2882
2989167 2883
1717550 2884
2071475 2885
571131 2886
80627 2887
2403440 2888
3467264 2889
4900597 2890
155708 2891
311714 2892
1828299 2893
4717894 2894
2870031 2895
252626 2896
3685566 2897
3059780 2898
1892018 2899
2621260 2900
4390245 2901
2490013 2902
523632 2903
702010 2904
3317790 2905
3605986 2906
2444634 2907
4530577 2908
2141527 2909
3587845 2910
2570418 2911
709949 2912
209274 2913
1988682 2914
4687657 2915
600098 2916
1126388 2917
4965170 2918
3220359 2919
95190 2920
3187092 2921
1552058 2922
3392455 2923
710647 2924
2749618 2925
2415023 2926
4627846 2927
1309548 2928
2493493 2929
3180182 2930
5063985 2931
4961964 2932
2454097 2933
2565270 2934
3316342 2935
4999199 2936
3006495 2937
3549726 2938
4855233 2939
2755915 2940
2579386 2941
1059132 2942
4997111 2943
1185909 2944
3098091 2945
1157605 2946
5079865 2947
2804448 2948
2327071 2949
3007336 2950
4537846 2951
4478807 2952
2874543 2953
2753462 2954
2382157 2955
2019801 2956
2621310 2957
3396054 2958
3352645 2959
3046100 2960
152103 2961
3264222 2962
4798526 2963
3465040 2964
2030796 2965
762495 2966
146376 2967
870280 2968
2432449 2969
1009464 2970
1341755 2971
4869288 2972
4679078 2973
3757447 2974
4155499 2975
921668 2976
3959075 2977
813481 2978
4393855 2979
4880697 2980
1964381 2981
2327880 2982
3810459 2983
4394783 2984
1516500 2985
5086213 2986
2086493 2987
5140952 2988
1854280 2989
272684 2990
3881313 2991
894724 2992
1057463 2993
2508674 2994
155887 2995
4736935 2996
261976 2997
4305058 2998
652535 2999
3530272 3000
4703651 3001
3974794 3002
1622807 3003
3218589 3004
4354880 3005
3788165 3006
1036917 3007
4712862 3008
1283535 3009
2610221 3010
2552446 3011
3812354 3012
4445425 3013
2739161 3014
3336793 3015
4876052 3016
5020473 3017
1758302 3018
4361374 3019
510034 3020
5047103 3021
3818476 3022
1731054 3023
1814394 3024
2738999 3025
3499012 3026
264354 3027
3933776 3028
4702640 3029
5078743 3030
1916217 3031
3321666 3032
4253188 3033
1043072 3034
3298321 3035
3936023 3036
2056491 3037
66872 3038
330410 3039
3771336 3040
3379224 3041
3185869 3042
3096324 3043
355290 3044
2756179 3045
2851756 3046
3021294 3047
3657900 3048
3465586 3049
1607273 3050
386454 3051
4271824 3052
1812001 3053
5140357 3054
297504 3055
182241 3056
4459962 3057
2204996 3058
4562481 3059
85380 3060
2057387 3061
3509884 3062
1530630 3063
1371109 3064
4158239 3065
204287 3066
2699523 3067
4400734 3068
1523499 3069
4885866 3070
4762226 3071
2973853 3072
2345719 3073
166246 3074
1581073 3075
2979385 3076
4994726 3077
2127656 3078
2503186 3079
92984 3080
246797 3081
3953366 3082
2951503 3083
4228426 3084
4222299 3085
4670158 3086
799549 3087
504640 3088
2605467 3089
2770425 3090
2684226 3091
2338453 3092
2496774 3093
984956 3094
5046339 3095
1372277 3096
1089161 3097
1813380 3098
2342383 3099
5085374 3100
3878253 3101
1588584 3102
4698011 3103
543186 3104
745433 3105
2003140 3106
2311841 3107
655848 3108
2414428 3109
4537185 3110
4491804 3111
1923126 3112
2680788 3113
4008717 3114
483505 3115
1854137 3116
939380 3117
899661 3118
4928648 3119
2015825 3120
4812461 3121
243390 3122
2901263 3123
1447897 3124
2794241 3125
4169409 3126
4978005 3127
2376387 3128
2199057 3129
519942 3130
1889926 3131
512363 3132
1330162 3133
607935 3134
4142887 3135
2309072 3136
1259798 3137
2599746 3138
594705 3139
2307549 3140
4756798 3141
2015220 3142
3344321 3143
213026 3144
1678519 3145
2704486 3146
3098783 3147
1729960 3148
4235707 3149
894211 3150
2408126 3151
4787371 3152
4795773 3153
4906960 3154
2634465 3155
3388427 3156
1031822 3157
3167263 3158
1061862 3159
3151100 3160
2248405 3161
2899536 3162
468606 3163
568349 3164
923697 3165
2000514 3166
217833 3167
3727972 3168
3753199 3169
4671586 3170
3970423 3171
2061535 3172
90500 3173
2863517 3174
3734853 3175
4781225 3176
3328172 3177
2437517 3178
4691529 3179
3969475 3180
2288958 3181
4082554 3182
3171817 3183
1052491 3184
4026992 3185
2801764 3186
540838 3187
305955 3188
4786098 3189
2072535 3190
1573678 3191
1464455 3192
2857971 3193
1633923 3194
1102990 3195
2558851 3196
4790765 3197
1307843 3198
2127137 3199
3713981 3200
931971 3201
3576155 3202
4263999 3203
3281956 3204
2376359 3205
2913169 3206
539698 3207
3691417 3208
1914533 3209
2879295 3210
3517058 3211
2998650 3212
4872295 3213
699899 3214
4024409 3215
10497 3216
236943 3217
2714361 3218
144589 3219
1730553 3220
829759 3221
1618632 3222
95843 3223
3792172 3224
828544 3225
3473913 3226
553539 3227
3201805 3228
3950877 3229
1050907 3230
2838722 3231
3186790 3232
1992824 3233
6966 3234
3579177 3235
3282759 3236
1285029 3237
3170506 3238
4430163 3239
3439413 3240
4734690 3241
383259 3242
1093001 3243
1170510 3244
4264274 3245
1244507 3246
2587393 3247
2974129 3248
3003830 3249
2602071 3250
1395623 3251
287085 3252
1303809 3253
3289558 3254
1517913 3255
757699 3256
4449759 3257
1397278 3258
2589 3259
2427119 3260
3412394 3261
2163881 3262
1194970 3263
4721699 3264
2091818 3265
3379421 3266
3438088 3267
1458345 3268
4016601 3269
617667 3270
4378111 3271
4202647 3272
1369272 3273
566202 3274
2687082 3275
2167038 3276
1802713 3277
1881953 3278
3452114 3279
5050090 3280
2554667 3281
2413394 3282
2028612 3283
257772 3284
4068399 3285
3276990 3286
3231513 3287
2764626 3288
1197505 3289
954069 3290
3803308 3291
3418034 3292
2082610 3293
2304602 3294
2715942 3295
310676 3296
3663209 3297
3935086 3298
1541183 3299
468633 3300
2572282 3301
4573256 3302
3782996 3303
712392 3304
3645275 3305
75120 3306
2699471 3307
2865381 3308
270021 3309
220344 3310
2006438 3311
320169 3312
3905489 3313
2176106 3314
4099753 3315
311591 3316
2480886 3317
33086 3318
907385 3319
333655 3320
4446024 3321
3009865 3322
3035283 3323
3577851 3324
53750 3325
836561 3326
4046821 3327
5115995 3328
3404603 3329
2163391 3330
1635656 3331
4866579 3332
1854236 3333
448343 3334
1122944 3335
316612 3336
1004461 3337
4728836 3338
942280 3339
1645050 3340
1546909 3341
2157659 3342
4769956 3343
195719 3344
3582893 3345
3235155 3346
2665565 3347
335593 3348
3108496 3349
3473853 3350
4909975 3351
2221196 3352
3345605 3353
725588 3354
1865669 3355
4378118 3356
1484965 3357
3574870 3358
4030628 3359
284053 3360
1022096 3361
4303508 3362
2124051 3363
984105 3364
1884224 3365
4300672 3366
3026432 3367
3049104 3368
3060498 3369
2711652 3370
3243661 3371
210133 3372
1844461 3373
3701828 3374
3100133 3375
4839209 3376
3115086 3377
2072383 3378
4271826 3379
4062582 3380
2714494 3381
217498 3382
1014221 3383
657801 3384
3952151 3385
581899 3386
3695248 3387
3485341 3388
4026450 3389
2217431 3390
4437794 3391
580509 3392
3160591 3393
1437459 3394
564499 3395
931272 3396
4622487 3397
1222514 3398
4740309 3399
2025249 3400
477137 3401
4542413 3402
1184689 3403
2435528 3404
425476 3405
3676773 3406
3501126 3407
5026818 3408
4002359 3409
2874839 3410
4922272 3411
3529370 3412
4407186 3413
5157959 3414
984221 3415
4546669 3416
582970 3417
3350183 3418
196459 3419
1831656 3420
5006355 3421
2049336 3422
2283532 3423
2312667 3424
4706946 3425
1076176 3426
2816008 3427
4147676 3428
1003148 3429
4576843 3430
4299614 3431
2125378 3432
830136 3433
3459820 3434
3857830 3435
810796 3436
1422065 3437
2599139 3438
3139713 3439
1345077 3440
4498371 3441
1447543 3442
4250427 3443
2172683 3444
445625 3445
996346 3446
4971109 3447
332588 3448
4338280 3449
924181 3450
1760289 3451
2973320 3452
293412 3453
2856636 3454
4359199 3455
3470901 3456
2026531 3457
147127 3458
2746728 3459
3546623 3460
572090 3461
1421689 3462
3029471 3463
2451066 3464
4076594 3465
705557 3466
399034 3467
2624844 3468
3012467 3469
135398 3470
2956371 3471
3172550 3472
900539 3473
1428951 3474
901148 3475
2150577 3476
1585081 3477
1460382 3478
4411407 3479
3030101 3480
1823881 3481
2868039 3482
868125 3483
3806613 3484
2582708 3485
3426828 3486
85539 3487
4252091 3488
2979138 3489
662911 3490
1183135 3491
980484 3492
419841 3493
4165867 3494
5045642 3495
4370251 3496
826205 3497
1684128 3498
2170893 3499
4439136 3500
1467330 3501
3418408 3502
637019 3503
3910254 3504
3197980 3505
824142 3506
4310645 3507
4776493 3508
4470561 3509
4272899 3510
2700507 3511
4692452 3512
1334782 3513
5002781 3514
575346 3515
3242341 3516
2505709 3517
1845247 3518
2794685 3519
4728505 3520
1944325 3521
4513586 3522
4247342 3523
4302822 3524
3114225 3525
4029651 3526
3941303 3527
4061696 3528
874392 3529
3881939 3530
2238872 3531
5107827 3532
683172 3533
4832655 3534
5031050 3535
823609 3536
1272765 3537
4607741 3538
1956686 3539
4332466 3540
3142142 3541
4885218 3542
1962286 3543
2383840 3544
939034 3545
4713141 3546
2580440 3547
764153 3548
4131397 3549
4795267 3550
2424124 3551
4166863 3552
2008704 3553
3467633 3554
1126354 3555
3205009 3556
334095 3557
326222 3558
1194183 3559
3270644 3560
3972438 3561
1102338 3562
2019253 3563
3565648 3564
136516 3565
716388 3566
184189 3567
4656051 3568
4531857 3569
2270327 3570
2937158 3571
2028923 3572
1102976 3573
2354062 3574
3800842 3575
2182713 3576
3461455 3577
2084712 3578
2902853 3579
4030001 3580
1764657 3581
44202 3582
4150970 3583
1262448 3584
305654 3585
1509041 3586
2507213 3587
2753529 3588
669394 3589
2891671 3590
3628082 3591
393394 3592
3971582 3593
4697594 3594
5011039 3595
3974260 3596
4145613 3597
4704053 3598
2238951 3599
582508 3600
820172 3601
2935774 3602
2162000 3603
2426097 3604
3376342 3605
1041335 3606
875031 3607
4792038 3608
809575 3609
3394744 3610
464393 3611
3210023 3612
4265551 3613
4899701 3614
1443151 3615
4089987 3616
586877 3617
3450505 3618
79500 3619
2333548 3620
1479558 3621
4208536 3622
3933588 3623
2742206 3624
1248762 3625
2660430 3626
4718133 3627
1095113 3628
2960636 3629
46015 3630
1741195 3631
1846509 3632
2327899 3633
2775147 3634
482723 3635
793577 3636
4225484 3637
3484478 3638
4115393 3639
2298066 3640
1489535 3641
3253919 3642
1333388 3643
819721 3644
2370876 3645
2014317 3646
391009 3647
2014874 3648
4227578 3649
2610623 3650
759857 3651
1011371 3652
3919528 3653
855702 3654
1784419 3655
3057073 3656
246715 3657
264667 3658
2250969 3659
3415218 3660
4755676 3661
3454731 3662
1746988 3663
1812987 3664
3270820 3665
3084308 3666
602770 3667
1775555 3668
1864187 3669
2992622 3670
165227 3671
872173 3672
2378261 3673
3066457 3674
1364525 3675
4726655 3676
644526 3677
1136136 3678
2055917 3679
2221008 3680
308936 3681
2057934 3682
4688392 3683
77168 3684
3289682 3685
3677595 3686
2563260 3687
2248720 3688
2307892 3689
4802308 3690
3158117 3691
2176009 3692
73132 3693
2497698 3694
2030856 3695
207994 3696
4695156 3697
1842689 3698
4807854 3699
2962287 3700
4584131 3701
5122568 3702
3802473 3703
4049698 3704
54509 3705
3915307 3706
3652676 3707
5048347 3708
2533660 3709
4199871 3710
409868 3711
3785484 3712
857225 3713
1936206 3714
2103289 3715
4475520 3716
455374 3717
3228185 3718
3476786 3719
4221530 3720
4848915 3721
788629 3722
1821170 3723
4466503 3724
1538488 3725
4323243 3726
3084559 3727
4680341 3728
3868623 3729
4252236 3730
3546119 3731
560188 3732
3363319 3733
407610 3734
2387759 3735
4745096 3736
3973812 3737
2579282 3738
3545452 3739
2040999 3740
2981860 3741
4747537 3742
737542 3743
3535027 3744
2162950 3745
2067617 3746
2196473 3747
185574 3748
3308 3749
142 3750
3515759 3751
1845474 3752
2340478 3753
196314 3754
2991325 3755
897220 3756
542786 3757
2271864 3758
570493 3759
3684313 3760
1383350 3761
1095239 3762
5066798 3763
5041047 3764
2426894 3765
1890416 3766
4256824 3767
2575589 3768
15921 3769
246666 3770
4528252 3771
4309220 3772
3978543 3773
1253533 3774
3431590 3775
3681935 3776
3017816 3777
3911312 3778
4633713 3779
3806784 3780
1328527 3781
1098579 3782
2115083 3783
4722844 3784
4880643 3785
4373449 3786
3778572 3787
3197152 3788
4960783 3789
1655491 3790
853254 3791
3518901 3792
3460344 3793
2948614 3794
4936898 3795
4455437 3796
2907487 3797
2581090 3798
1544794 3799
673783 3800
1282347 3801
1356312 3802
2512290 3803
2317493 3804
4624074 3805
2869709 3806
4541943 3807
4999879 3808
5068479 3809
1658317 3810
3073075 3811
3794788 3812
3707856 3813
4900412 3814
2130753 3815
1780857 3816
4911623 3817
3951570 3818
4481260 3819
1803403 3820
660368 3821
3366622 3822
2961045 3823
4201974 3824
4659685 3825
1316024 3826
2230312 3827
3739420 3828
4081196 3829
343696 3830
686528 3831
1902525 3832
1692321 3833
1034517 3834
3330984 3835
1676518 3836
3231437 3837
2899675 3838
2001990 3839
4795261 3840
4893944 3841
316041 3842
2721532 3843
5131007 3844
2138746 3845
2662904 3846
3237415 3847
3192254 3848
374553 3849
2195809 3850
3728584 3851
3147872 3852
2575265 3853
1532760 3854
3372003 3855
1594965 3856
4091447 3857
65043 3858
1816320 3859
4110375 3860
2945568 3861
4820167 3862
53695 3863
2842619 3864
1367959 3865
3403801 3866
739082 3867
2126598 3868
5111041 3869
4289167 3870
1990044 3871
2332226 3872
5052312 3873
2510197 3874
3595401 3875
2236196 3876
1478268 3877
1180858 3878
2750759 3879
2509420 3880
912788 3881
661224 3882
2653750 3883
3861144 3884
618203 3885
3774738 3886
4379992 3887
1597807 3888
1540578 3889
651374 3890
3119969 3891
3007925 3892
3594656 3893
3758612 3894
997219 3895
1397603 3896
3546848 3897
67176 3898
3448917 3899
4094974 3900
754026 3901
2182985 3902
4659524 3903
2984963 3904
3233033 3905
2684269 3906
2462890 3907
1493920 3908
148703 3909
1124778 3910
4001476 3911
2607925 3912
23962 3913
676683 3914
4601923 3915
4435644 3916
4910145 3917
3383477 3918
4291955 3919
1958685 3920
3439161 3921
147614 3922
4005743 3923
4513461 3924
4791231 3925
2633121 3926
1685459 3927
4038492 3928
4481248 3929
2091477 3930
265942 3931
435547 3932
3848249 3933
809482 3934
434210 3935
1173209 3936
3917400 3937
1201994 3938
2079722 3939
4583681 3940
3146083 3941
5040526 3942
2000940 3943
2124735 3944
2061751 3945
2793845 3946
2786674 3947
4059952 3948
3200093 3949
1276446 3950
3468796 3951
4849545 3952
3146061 3953
237258 3954
3492055 3955
3766396 3956
4752727 3957
3801744 3958
4692585 3959
841423 3960
2849223 3961
2577628 3962
3312363 3963
2743475 3964
3285557 3965
4915280 3966
3239416 3967
2781428 3968
1640084 3969
1042938 3970
3493242 3971
1896240 3972
625129 3973
5035533 3974
3823922 3975
2921471 3976
5118189 3977
4259427 3978
3116097 3979
99743 3980
114355 3981
2834810 3982
4830368 3983
2741273 3984
2460288 3985
4474387 3986
693716 3987
2918622 3988
4878603 3989
882337 3990
1343432 3991
1309616 3992
3120835 3993
1064963 3994
1829434 3995
3088488 3996
1018909 3997
479651 3998
700556 3999
48995 4000
1294189 4001
2519522 4002
1906885 4003
505414 4004
2863016 4005
2216079 4006
2746598 4007
183238 4008
1392386 4009
5035053 4010
4604814 4011
1244171 4012
3493312 4013
1999290 4014
4126884 4015
372211 4016
1844924 4017
2146709 4018
65244 4019
1561746 4020
3919668 4021
1587111 4022
4916105 4023
1595279 4024
3027046 4025
1808275 4026
3109232 4027
447253 4028
152859 4029
1430363 4030
4244177 4031
1185946 4032
2470184 4033
1728199 4034
1892127 4035
4401268 4036
3415279 4037
1570535 4038
4203451 4039
5134166 4040
434896 4041
3426054 4042
3991945 4043
622389 4044
1858095 4045
2599195 4046
1203282 4047
3253921 4048
4205758 4049
851374 4050
509605 4051
745194 4052
1256388 4053
2699235 4054
5118314 4055
4851791 4056
4566571 4057
4289456 4058
4840722 4059
243429 4060
2104342 4061
836529 4062
2263457 4063
5091407 4064
3149507 4065
2395914 4066
632004 4067
3385506 4068
3253282 4069
4756886 4070
2655944 4071
2108892 4072
4373712 4073
3366602 4074
1172010 4075
2526300 4076
214572 4077
769532 4078
1760247 4079
4777028 4080
1819353 4081
2250578 4082
4643666 4083
834235 4084
2816569 4085
2942656 4086
570742 4087
2954371 4088
4676325 4089
832640 4090
1427417 4091
4732419 4092
4715 4093
527568 4094
4539466 4095
1490926 4096
3285078 4097
4258467 4098
2051155 4099
2559506 4100
4015112 4101
4678667 4102
257608 4103
4128897 4104
3145920 4105
2250864 4106
3508705 4107
2326115 4108
1772715 4109
2663703 4110
3485136 4111
4789062 4112
216509 4113
2544650 4114
53064 4115
2972161 4116
940316 4117
2744492 4118
2916786 4119
115696 4120
4393468 4121
4302315 4122
2776148 4123
3585181 4124
2181714 4125
3173847 4126
4597673 4127
1393008 4128
474005 4129
3233798 4130
2883047 4131
2133723 4132
3064699 4133
3127078 4134
3031863 4135
2129698 4136
2700484 4137
3413316 4138
1136438 4139
1559483 4140
2513016 4141
211244 4142
168877 4143
3629393 4144
1008191 4145
2101058 4146
3351723 4147
69656 4148
2248116 4149
4725812 4150
7124 4151
280585 4152
4132779 4153
2867206 4154
2167411 4155
2051355 4156
4717134 4157
2266310 4158
477885 4159
2124040 4160
480975 4161
2356549 4162
1302943 4163
4622373 4164
2927965 4165
4361858 4166
1732703 4167
4694674 4168
4787364 4169
565426 4170
317234 4171
2710373 4172
3578610 4173
1042769 4174
2788436 4175
1771981 4176
2161153 4177
3277131 4178
1092652 4179
3193352 4180
3147600 4181
5107361 4182
2147015 4183
156247 4184
3814809 4185
4630598 4186
4953023 4187
2175716 4188
1578438 4189
3147669 4190
1000294 4191
4137949 4192
4975393 4193
435998 4194
3191716 4195
3015712 4196
4158392 4197
2429222 4198
4281141 4199
3557763 4200
2159688 4201
3953988 4202
2734006 4203
4849027 4204
2589566 4205
3759451 4206
439735 4207
3819879 4208
5027281 4209
5080360 4210
1384717 4211
3619934 4212
3596900 4213
1851623 4214
1813024 4215
1078710 4216
3355675 4217
3322568 4218
258311 4219
141768 4220
3988716 4221
4858623 4222
3299807 4223
2554707 4224
883295 4225
2995685 4226
1215038 4227
3844798 4228
1556564 4229
4806700 4230
856230 4231
2960250 4232
3662425 4233
1804383 4234
4479636 4235
3590500 4236
2674482 4237
3177286 4238
1162449 4239
828293 4240
2152625 4241
696827 4242
1142386 4243
1793088 4244
1874701 4245
2119920 4246
3157487 4247
2638099 4248
5087834 4249
507814 4250
4551433 4251
3565184 4252
479073 4253
1517619 4254
2655677 4255
1186908 4256
3362601 4257
1446825 4258
134452 4259
4358999 4260
159166 4261
358769 4262
4341598 4263
1557499 4264
1864600 4265
558066 4266
1312350 4267
5063570 4268
3888146 4269
1105946 4270
1198266 4271
4679203 4272
717986 4273
3420041 4274
3755943 4275
38511 4276
4069710 4277
16015 4278
1728241 4279
4484620 4280
4554918 4281
3818837 4282
965613 4283
3201097 4284
1956992 4285
320178 4286
3438584 4287
4523768 4288
3997963 4289
3069209 4290
3624694 4291
3177215 4292
2198225 4293
1986173 4294
1185763 4295
1585349 4296
1379856 4297
4995117 4298
4387056 4299
295410 4300
2244279 4301
1360973 4302
651166 4303
3677861 4304
3488746 4305
4612090 4306
2704398 4307
2698506 4308
1345450 4309
3639010 4310
1275312 4311
2206145 4312
4226509 4313
1694466 4314
244961 4315
487470 4316
4859777 4317
864217 4318
334674 4319
4355578 4320
1628716 4321
3277471 4322
1104740 4323
3309772 4324
4007501 4325
56037 4326
2791658 4327
375385 4328
3765279 4329
3246820 4330
1386654 4331
992537 4332
4301452 4333
4322829 4334
623941 4335
1533016 4336
3518329 4337
4014543 4338
5088593 4339
4356078 4340
2440087 4341
36741 4342
983986 4343
3367204 4344
3896763 4345
4279856 4346
2277338 4347
856726 4348
1450520 4349
2450276 4350
3838388 4351
5154814 4352
1684440 4353
1095922 4354
736297 4355
2533652 4356
673866 4357
3421944 4358
2564692 4359
2252284 4360
848931 4361
4060703 4362
2413652 4363
3063357 4364
4610151 4365
2745773 4366
4902194 4367
5065314 4368
2381894 4369
664781 4370
3289723 4371
1417584 4372
3763625 4373
3130334 4374
2366665 4375
2325595 4376
2194395 4377
4038767 4378
138785 4379
2960054 4380
4314945 4381
1994697 4382
584708 4383
2524736 4384
3538066 4385
2750541 4386
2237258 4387
2151651 4388
1477088 4389
4475508 4390
4515824 4391
1246572 4392
1688166 4393
3948847 4394
3189200 4395
2346869 4396
4426074 4397
3546086 4398
4382382 4399
3264274 4400
2964774 4401
1819283 4402
3564339 4403
4073639 4404
850431 4405
2594241 4406
4291446 4407
4561174 4408
3930613 4409
4057580 4410
2628819 4411
3486986 4412
1737800 4413
3015666 4414
359618 4415
42625 4416
5119754 4417
2537883 4418
3288137 4419
3349923 4420
4104225 4421
2875378 4422
3403680 4423
738177 4424
3702536 4425
3210641 4426
215949 4427
4347255 4428
3744290 4429
3194620 4430
316300 4431
2040967 4432
2955524 4433
2636241 4434
3621662 4435
2850795 4436
4487707 4437
3218624 4438
875095 4439
2472851 4440
3534779 4441
1029606 4442
318318 4443
2909829 4444
480109 4445
184078 4446
5002678 4447
917209 4448
1849127 4449
518544 4450
3753668 4451
3405405 4452
4784395 4453
1844148 4454
2550096 4455
4316144 4456
1551640 4457
5118885 4458
208968 4459
1682500 4460
1182471 4461
2027557 4462
2504546 4463
4233603 4464
2042655 4465
4220278 4466
2196981 4467
3161391 4468
3761330 4469
4207513 4470
3242045 4471
3997260 4472
4039775 4473
641338 4474
657694 4475
926484 4476
3352668 4477
5051027 4478
4538125 4479
3622985 4480
1189853 4481
4113691 4482
3346199 4483
3954951 4484
4792662 4485
2788237 4486
740344 4487
3257070 4488
2143304 4489
2674278 4490
870056 4491
2512674 4492
961402 4493
1615503 4494
1895597 4495
3167355 4496
334708 4497
202930 4498
2769309 4499
2078176 4500
1501399 4501
3406652 4502
1313750 4503
2161160 4504
4907977 4505
1097646 4506
3092576 4507
5075482 4508
1885579 4509
1834538 4510
1280678 4511
3514071 4512
3893256 4513
1212654 4514
3158247 4515
1569562 4516
4810813 4517
2640580 4518
4115142 4519
3989034 4520
1574216 4521
1591434 4522
959900 4523
3494266 4524
2758723 4525
4645533 4526
379188 4527
1612406 4528
1506778 4529
3826163 4530
1116492 4531
4945303 4532
3217449 4533
1393047 4534
1454159 4535
1334594 4536
2914247 4537
2973076 4538
2622807 4539
2076413 4540
1048127 4541
1861309 4542
4459449 4543
176798 4544
2490825 4545
4778180 4546
3764785 4547
2856386 4548
2930482 4549
2090799 4550
1548666 4551
1344014 4552
1941837 4553
1302596 4554
1141190 4555
3073526 4556
40834 4557
3051934 4558
3503155 4559
257883 4560
1726586 4561
1732215 4562
375725 4563
4929455 4564
2325539 4565
5114809 4566
1128519 4567
4726674 4568
2944683 4569
4995272 4570
3460113 4571
1711702 4572
2614657 4573
4538003 4574
2397755 4575
878214 4576
4699955 4577
3012991 4578
758425 4579
238308 4580
3628152 4581
1312021 4582
4861832 4583
3551955 4584
2924591 4585
4982687 4586
4013742 4587
2498280 4588
4688622 4589
1005005 4590
3123241 4591
1359169 4592
2427221 4593
2970406 4594
3996382 4595
2607454 4596
1897959 4597
3186151 4598
4890731 4599
771658 4600
957999 4601
3228494 4602
3834103 4603
679864 4604
2375888 4605
2970600 4606
1974330 4607
2991661 4608
4196881 4609
2045425 4610
3008368 4611
4576492 4612
1125278 4613
4824614 4614
238829 4615
1338343 4616
2910437 4617
4691545 4618
1583842 4619
3032158 4620
4377160 4621
4036678 4622
3350558 4623
1518231 4624
4531394 4625
1666823 4626
2044987 4627
3590598 4628
127488 4629
1047307 4630
1695354 4631
2096985 4632
1237342 4633
4834268 4634
4719736 4635
3872617 4636
2530533 4637
2686244 4638
2280002 4639
148065 4640
4528563 4641
4092715 4642
1082272 4643
2053106 4644
2076430 4645
5036903 4646
3794122 4647
2682737 4648
2646304 4649
4644740 4650
1993639 4651
1961782 4652
2727746 4653
3467990 4654
253633 4655
422516 4656
3502590 4657
3848733 4658
3312160 4659
3916791 4660
2573430 4661
1253330 4662
5141839 4663
1875315 4664
4014872 4665
4008574 4666
2315871 4667
237758 4668
2465407 4669
3273789 4670
3633215 4671
4978574 4672
3328301 4673
3788767 4674
1420681 4675
3091105 4676
4975221 4677
2770774 4678
2031402 4679
3869590 4680
193247 4681
4454651 4682
1655158 4683
4409885 4684
2127892 4685
1824500 4686
2184794 4687
1083546 4688
3192237 4689
1297895 4690
2945820 4691
1503986 4692
3050651 4693
2604864 4694
5135589 4695
299315 4696
1907256 4697
3337988 4698
4792177 4699
4623845 4700
3759012 4701
93783 4702
4092471 4703
4515698 4704
4927736 4705
3543955 4706
4891981 4707
1584469 4708
3635792 4709
329432 4710
1042152 4711
4750976 4712
1792317 4713
2795703 4714
2020602 4715
4674518 4716
4453049 4717
1659895 4718
370440 4719
4095882 4720
4318899 4721
493717 4722
4708544 4723
819226 4724
2002647 4725
55218 4726
4254354 4727
3435679 4728
3903866 4729
506406 4730
1906628 4731
480171 4732
4840014 4733
2950912 4734
3782510 4735
4020971 4736
1029661 4737
18976 4738
2377974 4739
5150861 4740
5124897 4741
4882941 4742
5131866 4743
4034106 4744
3563311 4745
2583264 4746
2129454 4747
3788412 4748
2751923 4749
2268491 4750
4614749 4751
4384782 4752
3825044 4753
5040148 4754
659826 4755
4996128 4756
4116723 4757
2455213 4758
4122177 4759
3367676 4760
3238028 4761
3064596 4762
5018233 4763
3372876 4764
3902287 4765
3256109 4766
2190054 4767
3478892 4768
3496399 4769
1562872 4770
1687006 4771
4247379 4772
4005262 4773
4803862 4774
708261 4775
511496 4776
625562 4777
3259937 4778
687048 4779
4705962 4780
2522510 4781
5059027 4782
3951889 4783
1496934 4784
3561721 4785
4810522 4786
1564580 4787
4756999 4788
881859 4789
3119053 4790
338049 4791
277796 4792
4807354 4793
3179807 4794
2546575 4795
298639 4796
4387812 4797
1595407 4798
4176301 4799
4614885 4800
1403378 4801
2135882 4802
935594 4803
702943 4804
2396907 4805
1617150 4806
4053524 4807
1892478 4808
1054379 4809
4484346 4810
4780023 4811
3441453 4812
3401526 4813
2564952 4814
4947400 4815
3128611 4816
2583461 4817
200431 4818
4255619 4819
836677 4820
1573247 4821
3024497 4822
575277 4823
1591285 4824
1444076 4825
3687513 4826
3073334 4827
2431010 4828
1832493 4829
2314640 4830
42870 4831
2704927 4832
1769838 4833
4557894 4834
4667268 4835
4001382 4836
1313452 4837
2372865 4838
2618661 4839
2272701 4840
4992705 4841
1796436 4842
593477 4843
4524469 4844
508237 4845
2379750 4846
1739432 4847
79050 4848
4450865 4849
1471536 4850
1019929 4851
3088528 4852
3494861 4853
4613047 4854
5016279 4855
3063382 4856
3446108 4857
1679854 4858
2631813 4859
3054558 4860
2679249 4861
1501749 4862
3657494 4863
4374565 4864
1840568 4865
156744 4866
4697340 4867
4869218 4868
3413795 4869
4672362 4870
1586753 4871
4352300 4872
2365959 4873
1141196 4874
3040662 4875
3406984 4876
3643327 4877
2043168 4878
13429 4879
4997353 4880
2654376 4881
1570651 4882
827611 4883
1269579 4884
533008 4885
2722455 4886
1323657 4887
4121158 4888
642734 4889
2940167 4890
3828459 4891
1396106 4892
4067913 4893
786193 4894
1991637 4895
4516161 4896
1538814 4897
315764 4898
444518 4899
3824831 4900
4616932 4901
3932464 4902
3772076 4903
5030611 4904
1067950 4905
1886097 4906
4632976 4907
284882 4908
716374 4909
604843 4910
1852050 4911
2156401 4912
2371439 4913
1462384 4914
2931238 4915
3091434 4916
3841206 4917
2596442 4918
3124093 4919
3615043 4920
1339340 4921
4249373 4922
740947 4923
3079807 4924
2670272 4925
2859111 4926
2295416 4927
550355 4928
3115912 4929
2384828 4930
3749656 4931
237552 4932
4970880 4933
890475 4934
1202392 4935
599619 4936
1145563 4937
4864195 4938
4251458 4939
3807796 4940
4478894 4941
1290716 4942
1213874 4943
904649 4944
3149951 4945
1651240 4946
3039440 4947
287835 4948
4707369 4949
962505 4950
4796858 4951
860487 4952
2368173 4953
222466 4954
4777158 4955
81536 4956
428048 4957
3006103 4958
2739898 4959
399440 4960
2895201 4961
3150729 4962
1178740 4963
1622731 4964
4756996 4965
2469767 4966
4462212 4967
213747 4968
5061759 4969
1085297 4970
1931769 4971
1001604 4972
1706095 4973
4877481 4974
5076395 4975
334496 4976
2311596 4977
1489013 4978
2290584 4979
4040607 4980
1078200 4981
4992519 4982
365472 4983
1944466 4984
731721 4985
1955180 4986
3841470 4987
1665285 4988
4066624 4989
4241293 4990
5111118 4991
978431 4992
2348728 4993
3607712 4994
2807663 4995
3096591 4996
2182010 4997
2526881 4998
4349771 4999
1747157 5000
1699047 5001
3412803 5002
4321359 5003
2163884 5004
2401124 5005
3329950 5006
2157985 5007
4774701 5008
3557590 5009
317193 5010
2323318 5011
4327736 5012
1277148 5013
1047004 5014
2314769 5015
289566 5016
4307129 5017
1308293 5018
4903917 5019
622256 5020
2123323 5021
4949239 5022
4558800 5023
4958854 5024
3502883 5025
119200 5026
147701 5027
1211582 5028
3031354 5029
3357175 5030
755843 5031
3229543 5032
2343757 5033
4473062 5034
1250064 5035
2462827 5036
3666425 5037
4362885 5038
2106622 5039
24120 5040
1428302 5041
2806381 5042
4581002 5043
2107911 5044
3866112 5045
4864394 5046
774119 5047
5131352 5048
2583697 5049
2117659 5050
2166051 5051
3947094 5052
2690394 5053
3933816 5054
3347345 5055
2413168 5056
3149342 5057
2973012 5058
3285590 5059
3136357 5060
2656597 5061
4828228 5062
2789657 5063
1774868 5064
2615212 5065
2378680 5066
4306430 5067
2505163 5068
1997257 5069
2697711 5070
1841518 5071
3683732 5072
2344442 5073
1229100 5074
3691711 5075
4165505 5076
1729824 5077
4782541 5078
2902703 5079
3012079 5080
3794298 5081
2384654 5082
647869 5083
3386419 5084
1677314 5085
3251377 5086
539261 5087
1456730 5088
732202 5089
315280 5090
2380373 5091
2082655 5092
2491069 5093
2060075 5094
4522344 5095
3368712 5096
1841594 5097
2290076 5098
29181 5099
4275712 5100
1995682 5101
3207480 5102
2098611 5103
1675076 5104
156594 5105
4126091 5106
4677126 5107
1554581 5108
1197744 5109
1911169 5110
1423666 5111
2472592 5112
2199205 5113
2611303 5114
4182808 5115
4678484 5116
356493 5117
3589222 5118
2898881 5119
1474748 5120
1002657 5121
241751 5122
216178 5123
2704379 5124
1756013 5125
3601196 5126
3894457 5127
1141385 5128
1317735 5129
2214180 5130
4748585 5131
407599 5132
5111406 5133
4816257 5134
3419397 5135
3032981 5136
4125051 5137
2698263 5138
4234315 5139
2287732 5140
4403421 5141
2737544 5142
88838 5143
1376135 5144
2780055 5145
2937738 5146
440300 5147
221668 5148
3534277 5149
4214524 5150
3292425 5151
2390144 5152
2361166 5153
151239 5154
4210925 5155
1152530 5156
4441128 5157
3830970 5158
4531252 5159
641958 5160
4756124 5161
4427121 5162
2444286 5163
3249203 5164
1324310 5165
4263070 5166
4011044 5167
4012958 5168
4873264 5169
4468517 5170
230865 5171
4693404 5172
1958907 5173
4228494 5174
3956425 5175
1059099 5176
16573 5177
292674 5178
4696707 5179
4755482 5180
144253 5181
1936987 5182
4260261 5183
3345494 5184
3457845 5185
821415 5186
1082156 5187
2915300 5188
4447330 5189
3039944 5190
487123 5191
2790543 5192
