4244177 1001
2745773 1002
3173847 1003
2172683 1004
3529838 1005
1452939 1006
2435475 1007
761515 1008
4203288 1009
2853944 1010
3122135 1011
258311 1012
2999092 1013
3534779 1014
3000191 1015
3844798 1016
2338453 1017
53936 1018
2104342 1019
2984230 1020
5079196 1021
1429002 1022
1008191 1023
2842113 1024
4859777 1025
4696707 1026
2469767 1027
2989167 1028
4265551 1029
4773878 1030
3429482 1031
359806 1032
3309772 1033
3136994 1034
3403801 1035
3366622 1036
3385506 1037
1044710 1038
4063028 1039
5136894 1040
2964774 1041
2822939 1042
2082610 1043
3866112 1044
683172 1045
4426074 1046
2678072 1047
3102653 1048
504640 1049
3639010 1050
2767503 1051
4361374 1052
4257843 1053
2290076 1054
1395623 1055
4521158 1056
3874590 1057
3067617 1058
4271826 1059
3173687 1060
837694 1061
1356312 1062
2163881 1063
74876 1064
729802 1065
24120 1066
2584896 1067
559508 1068
2124051 1069
809179 1070
3057515 1071
305654 1072
3838388 1073
2918960 1074
2371439 1075
4094737 1076
1381431 1077
1581139 1078
4193221 1079
4468517 1080
1128519 1081
2990354 1082
759857 1083
3008368 1084
4566571 1085
73132 1086
3849143 1087
434896 1088
602770 1089
1589561 1090
2828518 1091
202930 1092
1713641 1093
1804521 1094
1004046 1095
3193352 1096
2879295 1097
4945303 1098
2378261 1099
3063357 1100
448817 1101
3997963 1102
4695156 1103
292674 1104
4491923 1105
4678667 1106
3757664 1107
3685477 1108
1138 1109
4068399 1110
2049336 1111
419841 1112
3145337 1113
511496 1114
1850096 1115
3142142 1116
1076176 1117
2663482 1118
799549 1119
1047307 1120
3239968 1121
2167038 1122
464393 1123
4281141 1124
3950877 1125
2058065 1126
143803 1127
4592708 1128
3257070 1129
1269579 1130
305317 1131
2481552 1132
1493920 1133
144253 1134
3685566 1135
1910706 1136
1880908 1137
17220 1138
985089 1139
409465 1140
2755915 1141
1489013 1142
4161852 1143
1654137 1144
4104621 1145
3366602 1146
931272 1147
69656 1148
4909367 1149
4127881 1150
4569395 1151
4869288 1152
2563260 1153
1043072 1154
2398613 1155
858194 1156
1280678 1157
2995685 1158
1436125 1159
1142386 1160
4791231 1161
2327899 1162
44202 1163
4038492 1164
127488 1165
3004847 1166
1201994 1167
1250064 1168
4756996 1169
3351723 1170
2091477 1171
4126884 1172
571131 1173
83599 1174
3352912 1175
2760863 1176
2284477 1177
209274 1178
1903456 1179
4715 1180
1898903 1181
570925 1182
2216079 1183
386540 1184
942938 1185
4848915 1186
2082655 1187
1244171 1188
4474387 1189
129700 1190
2621260 1191
607935 1192
3289558 1193
3681606 1194
2699471 1195
4802308 1196
1961782 1197
468606 1198
438670 1199
4499425 1200
4857889 1201
2238951 1202
3565184 1203
1245531 1204
1212654 1205
1569585 1206
3242045 1207
1732215 1208
652535 1209
4046628 1210
2931320 1211
3530272 1212
4166863 1213
4301452 1214
351205 1215
3305159 1216
2139532 1217
3439161 1218
1411566 1219
333655 1220
4828228 1221
257772 1222
561430 1223
1892971 1224
1375489 1225
1728199 1226
4366869 1227
2731019 1228
3210023 1229
580509 1230
4533366 1231
1889926 1232
1858095 1233
3015712 1234
3828459 1235
5122158 1236
3149951 1237
4867693 1238
4806408 1239
2181714 1240
3040662 1241
2845244 1242
4238924 1243
3542877 1244
600098 1245
315764 1246
3593342 1247
3845548 1248
2200870 1249
793577 1250
894929 1251
1763843 1252
3826932 1253
2272872 1254
1500050 1255
2167411 1256
4384862 1257
3499012 1258
5155922 1259
265186 1260
3167355 1261
1479558 1262
3268071 1263
4554918 1264
192359 1265
3544246 1266
1591434 1267
992517 1268
4116723 1269
3546086 1270
2141527 1271
1119173 1272
5027281 1273
2020497 1274
2686244 1275
347712 1276
1181263 1277
3122676 1278
2210613 1279
3264222 1280
4796858 1281
4922647 1282
4029651 1283
2764787 1284
2554667 1285
220344 1286
2019801 1287
4264274 1288
4017824 1289
2332226 1290
2427221 1291
1095113 1292
422516 1293
4781225 1294
3956619 1295
2832186 1296
1715248 1297
5035533 1298
4717894 1299
600017 1300
3077956 1301
2589566 1302
1561746 1303
736297 1304
3799777 1305
95843 1306
2340478 1307
705557 1308
4885218 1309
3491281 1310
4196881 1311
2507213 1312
13429 1313
2379750 1314
725588 1315
4481260 1316
3343477 1317
1168728 1318
4119372 1319
4024085 1320
4679203 1321
3337029 1322
2907487 1323
1910915 1324
3478892 1325
802644 1326
1458096 1327
1345077 1328
4322829 1329
2147015 1330
4702640 1331
4458366 1332
3287885 1333
654637 1334
724262 1335
3919528 1336
947378 1337
708261 1338
4260261 1339
1447897 1340
2528352 1341
3598720 1342
3585181 1343
565426 1344
3406652 1345
5119754 1346
487123 1347
223121 1348
700556 1349
1302596 1350
3867803 1351
2636994 1352
1126388 1353
1004461 1354
3276360 1355
4697937 1356
564499 1357
4910145 1358
1406896 1359
2309589 1360
1345450 1361
2203976 1362
38511 1363
460565 1364
3282759 1365
4360347 1366
566202 1367
1047004 1368
4704053 1369
3012079 1370
1608075 1371
3893256 1372
2971831 1373
1297895 1374
721367 1375
2281718 1376
3462124 1377
3677049 1378
901148 1379
3534277 1380
3899581 1381
1344014 1382
1188468 1383
5036903 1384
4002947 1385
3105628 1386
547137 1387
338049 1388
3956425 1389
4394639 1390
1196834 1391
3031354 1392
3467633 1393
3518134 1394
507814 1395
2788237 1396
740947 1397
2028612 1398
542786 1399
2460288 1400
1185909 1401
4361858 1402
1559483 1403
2427119 1404
1599866 1405
1706873 1406
3220359 1407
1875315 1408
4147422 1409
1906885 1410
1569562 1411
2790653 1412
1092652 1413
3774738 1414
3379926 1415
4999879 1416
4755676 1417
1313750 1418
2175442 1419
403950 1420
4705962 1421
4314663 1422
1896240 1423
3951570 1424
2674482 1425
4786098 1426
2715942 1427
2143304 1428
4674518 1429
539261 1430
310632 1431
883196 1432
3957568 1433
222342 1434
2090799 1435
3687813 1436
5118314 1437
2175716 1438
4804181 1439
156594 1440
5107827 1441
2894420 1442
3403680 1443
403792 1444
2236843 1445
3496399 1446
3465586 1447
1045382 1448
2343757 1449
2091937 1450
3452114 1451
1607451 1452
4692452 1453
1301197 1454
2127137 1455
4228426 1456
2610623 1457
3879906 1458
2129698 1459
3299807 1460
4439136 1461
1784419 1462
655848 1463
2571093 1464
4960142 1465
1241184 1466
550355 1467
4616932 1468
3285885 1469
2931238 1470
2069373 1471
3462704 1472
4936898 1473
1276222 1474
1685459 1475
741484 1476
4024409 1477
3492055 1478
940316 1479
832989 1480
3069209 1481
4437794 1482
2800742 1483
3032158 1484
4254093 1485
2184794 1486
1101752 1487
85539 1488
1064963 1489
699899 1490
3388117 1491
4384782 1492
280585 1493
2384828 1494
4961964 1495
1197744 1496
1093001 1497
2794685 1498
1944856 1499
714739 1500
305955 1501
1692072 1502
3674301 1503
2076430 1504
1304458 1505
4209495 1506
4851791 1507
4971595 1508
2524736 1509
3501807 1510
4827333 1511
4679078 1512
4912239 1513
2930482 1514
2494229 1515
2000514 1516
43081 1517
1798972 1518
2380373 1519
2611303 1520
1842689 1521
2714494 1522
875095 1523
4349979 1524
2554707 1525
4091447 1526
2081505 1527
848931 1528
3590598 1529
4762262 1530
3788412 1531
24081 1532
4263999 1533
1186908 1534
3448917 1535
5063985 1536
1684128 1537
15921 1538
2403440 1539
3964755 1540
1005005 1541
3891624 1542
4490146 1543
3959075 1544
1881443 1545
537301 1546
2535248 1547
3020027 1548
1157605 1549
1849653 1550
2594241 1551
615553 1552
425411 1553
334674 1554
705550 1555
3818476 1556
711782 1557
4691529 1558
4259427 1559
4836537 1560
2426097 1561
519942 1562
3855789 1563
1523499 1564
3771336 1565
2628819 1566
2008704 1567
2638042 1568
3944567 1569
3146083 1570
4425668 1571
3253919 1572
4412327 1573
2704930 1574
899661 1575
1845247 1576
3273789 1577
1343432 1578
4002359 1579
3180182 1580
1382649 1581
3685970 1582
1447543 1583
3687513 1584
2935774 1585
3421944 1586
5125742 1587
2161160 1588
3759451 1589
1963057 1590
575346 1591
4601320 1592
3264887 1593
1681373 1594
4131397 1595
2505709 1596
1000294 1597
2053521 1598
4528252 1599
3615043 1600
2594906 1601
4719736 1602
1728241 1603
182454 1604
1128375 1605
1456730 1606
2221008 1607
3473913 1608
3696026 1609
191709 1610
3910254 1611
3344321 1612
2560262 1613
1174502 1614
1102976 1615
4840649 1616
3357175 1617
2299355 1618
3778572 1619
2051155 1620
2335594 1621
1955142 1622
2765909 1623
1085297 1624
2503186 1625
651166 1626
2723918 1627
1741195 1628
1581073 1629
1120968 1630
4082554 1631
4586168 1632
137093 1633
3185869 1634
1421689 1635
3215620 1636
5080246 1637
3030101 1638
625562 1639
549087 1640
3169458 1641
1074359 1642
4850435 1643
4644265 1644
1308293 1645
4787371 1646
1823881 1647
206323 1648
2124735 1649
4354880 1650
1081865 1651
1014006 1652
483057 1653
4481248 1654
5035585 1655
176798 1656
1708318 1657
3857830 1658
1958054 1659
1343567 1660
2634465 1661
3054558 1662
3476786 1663
2589 1664
1141385 1665
1145563 1666
3652676 1667
3735341 1668
1309616 1669
114355 1670
2092675 1671
3919004 1672
1587111 1673
5061759 1674
4475520 1675
4643666 1676
3881313 1677
2697897 1678
2325595 1679
474005 1680
2753529 1681
1496934 1682
1184689 1683
3907000 1684
1985722 1685
3096591 1686
4777629 1687
3033663 1688
4131524 1689
4978005 1690
983986 1691
3500631 1692
5043836 1693
4997111 1694
5141839 1695
527568 1696
2151651 1697
2970406 1698
1262448 1699
1962286 1700
4831403 1701
897220 1702
2493493 1703
3916738 1704
3483381 1705
1116492 1706
5084655 1707
1405546 1708
2168135 1709
2443514 1710
693716 1711
1790667 1712
2032955 1713
2281374 1714
1991721 1715
2654502 1716
1078710 1717
3933776 1718
3233653 1719
3766396 1720
1562872 1721
1073842 1722
4176301 1723
696383 1724
2327880 1725
4693404 1726
1828299 1727
3118511 1728
5076029 1729
301639 1730
184756 1731
1460382 1732
2622918 1733
1852050 1734
4719949 1735
540838 1736
714906 1737
1168346 1738
3767951 1739
954069 1740
2546575 1741
2361166 1742
2971425 1743
4387056 1744
4216747 1745
664781 1746
849451 1747
3368712 1748
3324300 1749
1582567 1750
3459267 1751
4584131 1752
682451 1753
1157257 1754
3128766 1755
3503155 1756
104735 1757
2522510 1758
451147 1759
2598099 1760
271696 1761
4612090 1762
1489371 1763
2133723 1764
3792151 1765
673170 1766
2415023 1767
1022096 1768
545443 1769
4506512 1770
2383840 1771
1245466 1772
4310645 1773
1682704 1774
3497027 1775
3367676 1776
3132936 1777
3376342 1778
4001382 1779
763806 1780
4221604 1781
483505 1782
2472851 1783
4537846 1784
3431590 1785
4001476 1786
3744268 1787
3683256 1788
1287907 1789
5157959 1790
29181 1791
3715324 1792
4726674 1793
780775 1794
359618 1795
4554568 1796
248133 1797
2317493 1798
764153 1799
673783 1800
4235707 1801
4907030 1802
2127892 1803
1729824 1804
2375888 1805
554894 1806
3310471 1807
33086 1808
4087261 1809
4009222 1810
2250864 1811
3322568 1812
1506778 1813
1617150 1814
3139713 1815
2229603 1816
5019632 1817
4698451 1818
4749809 1819
1912873 1820
4199871 1821
4359138 1822
5035053 1823
1047109 1824
4678484 1825
4626141 1826
1676518 1827
4208536 1828
383259 1829
874392 1830
3770487 1831
3686404 1832
1314310 1833
2066907 1834
2316862 1835
1095922 1836
1805343 1837
4380800 1838
4258467 1839
4719377 1840
1895597 1841
213026 1842
4524469 1843
370555 1844
4147676 1845
3379224 1846
2587025 1847
2972161 1848
3064699 1849
1141196 1850
2636778 1851
343692 1852
214572 1853
4345536 1854
3412803 1855
1016570 1856
1059099 1857
890124 1858
2454097 1859
4795773 1860
4558800 1861
3763625 1862
3728584 1863
4722844 1864
4638425 1865
4861832 1866
3334864 1867
2236196 1868
4387640 1869
4011015 1870
2157985 1871
1309548 1872
3444123 1873
1445511 1874
1651240 1875
828293 1876
3872617 1877
3953988 1878
1977520 1879
2122416 1880
738177 1881
4895252 1882
2825346 1883
3201097 1884
995603 1885
48995 1886
4030001 1887
2924603 1888
1658317 1889
4610151 1890
2461423 1891
1189521 1892
1003148 1893
3831754 1894
3124093 1895
3970423 1896
540779 1897
4777028 1898
4175022 1899
480109 1900
4060703 1901
2531307 1902
603871 1903
2889182 1904
2621310 1905
3200093 1906
904649 1907
921668 1908
3057485 1909
626974 1910
2593488 1911
1162449 1912
2104968 1913
4007501 1914
1014221 1915
2430856 1916
2915300 1917
3233033 1918
2040967 1919
3301005 1920
168877 1921
2788436 1922
1024061 1923
3948847 1924
5030834 1925
3088528 1926
4207183 1927
2496774 1928
5067020 1929
2272701 1930
263533 1931
5071478 1932
196459 1933
4661581 1934
158456 1935
4113691 1936
616792 1937
4587613 1938
2940167 1939
365472 1940
477885 1941
2220235 1942
2304602 1943
2850795 1944
4880869 1945
4680408 1946
1148375 1947
1329288 1948
1111378 1949
599619 1950
1569881 1951
2001990 1952
5113487 1953
890475 1954
4718133 1955
3066229 1956
1950799 1957
88838 1958
372211 1959
1909534 1960
4013478 1961
3106166 1962
3868623 1963
1772715 1964
2238872 1965
4067913 1966
2868039 1967
1294189 1968
4547105 1969
2194395 1970
1645050 1971
267687 1972
2564952 1973
751969 1974
1677314 1975
2107911 1976
2343713 1977
1452926 1978
3396054 1979
5006355 1980
2020265 1981
1831656 1982
4614885 1983
3007925 1984
3029471 1985
4531252 1986
2196473 1987
908018 1988
1846509 1989
2973320 1990
3315997 1991
2581090 1992
1115226 1993
1670685 1994
4632445 1995
4957915 1996
151239 1997
3392311 1998
3151100 1999
2779526 2000
1988682 2001
3691711 2002
2622807 2003
1556564 2004
2575265 2005
3267391 2006
2410201 2007
2161153 2008
4688622 2009
2250064 2010
298639 2011
4903834 2012
2315871 2013
2599139 2014
368025 2015
2408126 2016
1588584 2017
4302822 2018
3605668 2019
2738999 2020
407106 2021
4614502 2022
2629108 2023
1666823 2024
1840568 2025
3622985 2026
4374565 2027
2248405 2028
3005342 2029
3401526 2030
1553774 2031
619271 2032
709949 2033
2543947 2034
95190 2035
1666712 2036
1219386 2037
4036678 2038
4772812 2039
4462212 2040
3925235 2041
762495 2042
1509041 2043
119200 2044
3047730 2045
7124 2046
4390181 2047
4227578 2048
329432 2049
5154814 2050
2032854 2051
3238760 2052
2158628 2053
3810981 2054
2918622 2055
1994949 2056
2610221 2057
4099753 2058
2661469 2059
2381894 2060
16015 2061
4424720 2062
4183395 2063
3234727 2064
3329950 2065
5007157 2066
4889922 2067
5111041 2068
1454159 2069
286807 2070
2749618 2071
4075868 2072
3563311 2073
3357105 2074
3917400 2075
2450276 2076
2271864 2077
3953366 2078
1655491 2079
2236361 2080
4736960 2081
3494266 2082
87212 2083
2764626 2084
3006495 2085
3450505 2086
2108892 2087
750753 2088
603203 2089
3634800 2090
54509 2091
1635656 2092
4538125 2093
157961 2094
4210925 2095
3237415 2096
4305058 2097
4289167 2098
2061751 2099
4903917 2100
3841470 2101
317805 2102
570493 2103
1583842 2104
4604814 2105
2072383 2106
4125051 2107
4834268 2108
1552058 2109
1564214 2110
657327 2111
2098611 2112
355290 2113
2664099 2114
3372003 2115
4400660 2116
391260 2117
5047103 2118
1226009 2119
3009865 2120
3996382 2121
4862013 2122
3814809 2123
3345494 2124
2303251 2125
4568084 2126
335593 2127
2653750 2128
1331682 2129
3904448 2130
1699047 2131
2596442 2132
4438744 2133
3800842 2134
3548720 2135
637019 2136
1098579 2137
1890416 2138
237552 2139
2793845 2140
450734 2141
3648911 2142
819226 2143
4752727 2144
2634574 2145
3229543 2146
3715084 2147
3493242 2148
1820860 2149
4915280 2150
2162950 2151
4307129 2152
1845474 2153
641338 2154
4667268 2155
4321359 2156
4319406 2157
3861144 2158
393394 2159
4992705 2160
488088 2161
2376359 2162
1423666 2163
4291822 2164
3146061 2165
3869715 2166
1737077 2167
176163 2168
4840722 2169
1843379 2170
2204691 2171
3017816 2172
3158247 2173
3397177 2174
2902703 2175
4581002 2176
2237258 2177
3859648 2178
40834 2179
4157341 2180
4373712 2181
4470561 2182
1222514 2183
5093019 2184
4824003 2185
917209 2186
556125 2187
1389536 2188
216178 2189
3124329 2190
4331234 2191
4284379 2192
1849127 2193
3363319 2194
3063382 2195
36741 2196
2633121 2197
2898881 2198
314275 2199
2637110 2200
1548666 2201
4996128 2202
717986 2203
3525772 2204
739082 2205
3328301 2206
4390245 2207
4356078 2208
4011044 2209
1726586 2210
1367959 2211
2583697 2212
3330046 2213
1175313 2214
3187361 2215
1684440 2216
4707369 2217
2068637 2218
2279684 2219
1501077 2220
3153301 2221
2989922 2222
856726 2223
4755482 2224
2866496 2225
3228185 2226
375570 2227
372361 2228
356142 2229
241270 2230
2252284 2231
4798526 2232
1185763 2233
2364291 2234
4633713 2235
4820167 2236
1829434 2237
4876052 2238
3587845 2239
4253188 2240
4435644 2241
4411407 2242
2583264 2243
154698 2244
4587793 2245
1495134 2246
2185420 2247
1591285 2248
155708 2249
4487707 2250
3629393 2251
3094399 2252
3388427 2253
620475 2254
772674 2255
1861029 2256
4401463 2257
1555815 2258
4950601 2259
5131866 2260
577224 2261
2552446 2262
3254471 2263
2620385 2264
4322404 2265
2027557 2266
1475094 2267
4451081 2268
2437517 2269
2165016 2270
2665565 2271
53064 2272
2115717 2273
3292161 2274
1984557 2275
1532760 2276
662911 2277
79050 2278
2674278 2279
2176009 2280
4523768 2281
3171817 2282
1828158 2283
2682737 2284
836561 2285
4251458 2286
3413795 2287
4491804 2288
4697594 2289
3822898 2290
1369272 2291
4161647 2292
4873264 2293
2395915 2294
2072535 2295
2284378 2296
625894 2297
4094974 2298
2384654 2299
1828241 2300
4393855 2301
2577019 2302
270021 2303
2863517 2304
3100133 2305
4066624 2306
3116097 2307
3826458 2308
3651961 2309
5068479 2310
4583681 2311
4992519 2312
1049580 2313
2040053 2314
2477759 2315
1679854 2316
4126615 2317
2570418 2318
1774868 2319
3986601 2320
1812987 2321
4880527 2322
257883 2323
2333548 2324
3508705 2325
2732511 2326
952077 2327
4792177 2328
4787364 2329
3084308 2330
44492 2331
1615503 2332
3312160 2333
1921488 2334
1042938 2335
2298066 2336
3823922 2337
1484965 2338
3377603 2339
204287 2340
2268491 2341
4053524 2342
3403515 2343
3905489 2344
5140357 2345
3444731 2346
1307843 2347
745433 2348
4573256 2349
4642353 2350
2995315 2351
4576843 2352
2163391 2353
66872 2354
1208659 2355
3246820 2356
2311841 2357
709382 2358
4740309 2359
4370251 2360
647869 2361
2870031 2362
3386419 2363
1097646 2364
651374 2365
3036333 2366
343696 2367
3988716 2368
213747 2369
3628152 2370
2973853 2371
3021294 2372
1890474 2373
4918788 2374
3764785 2375
1581980 2376
1911169 2377
1639543 2378
2654232 2379
4505862 2380
4027617 2381
3637124 2382
940743 2383
1117328 2384
4471603 2385
3707910 2386
5128914 2387
4401268 2388
1944466 2389
3481591 2390
1646445 2391
59335 2392
1397311 2393
2265997 2394
4750976 2395
1203422 2396
5076395 2397
4734690 2398
1992652 2399
2266310 2400
2631813 2401
1769838 2402
3971500 2403
2267309 2404
736730 2405
3161936 2406
3235155 2407
743414 2408
1517619 2409
1850198 2410
1563389 2411
3878253 2412
3934909 2413
265985 2414
4632976 2415
2756179 2416
850431 2417
3677595 2418
3909642 2419
244961 2420
5078743 2421
4572207 2422
1248762 2423
138785 2424
701729 2425
16679 2426
3546848 2427
4306696 2428
4121158 2429
1908535 2430
3702768 2431
657801 2432
87843 2433
661224 2434
4037414 2435
1780857 2436
11441 2437
3591220 2438
939380 2439
2195156 2440
660368 2441
246666 2442
4368693 2443
256349 2444
1991637 2445
4275125 2446
1992824 2447
1688983 2448
3888146 2449
4958636 2450
4224280 2451
3438195 2452
3277471 2453
2699523 2454
1832493 2455
2646304 2456
1585081 2457
3124309 2458
2875378 2459
1730553 2460
3018564 2461
1338343 2462
3285557 2463
1281173 2464
295398 2465
2607925 2466
1182471 2467
3169895 2468
808558 2469
988841 2470
2853367 2471
5005919 2472
4142184 2473
1675257 2474
3856077 2475
3661820 2476
3117266 2477
1471403 2478
4359199 2479
4719912 2480
195719 2481
3717676 2482
4325090 2483
3115086 2484
4076594 2485
2662520 2486
5123025 2487
4233603 2488
1675076 2489
4058435 2490
1955180 2491
1734203 2492
4654815 2493
316612 2494
317359 2495
3187092 2496
2958874 2497
4978574 2498
2084712 2499
3334664 2500
4431055 2501
3454731 2502
1290716 2503
4367355 2504
4062582 2505
4347255 2506
2440937 2507
5079865 2508
2579282 2509
487470 2510
2182985 2511
687048 2512
1185946 2513
3826163 2514
3666425 2515
2899675 2516
4026992 2517
3683732 2518
1990044 2519
2480886 2520
391009 2521
2791658 2522
3493312 2523
171663 2524
4864195 2525
4680335 2526
3911797 2527
1792317 2528
1189549 2529
474935 2530
710647 2531
4801888 2532
3788767 2533
1027272 2534
3829029 2535
2244279 2536
4889359 2537
2704486 2538
1682500 2539
1029661 2540
3057073 2541
2776148 2542
1059132 2543
870280 2544
3093407 2545
1575732 2546
2687559 2547
3121072 2548
659826 2549
2014874 2550
870333 2551
3379421 2552
2078176 2553
1527148 2554
3665944 2555
3812354 2556
277597 2557
5125437 2558
3972438 2559
1880775 2560
3383477 2561
3350183 2562
2842847 2563
995242 2564
3258018 2565
3930613 2566
1220359 2567
3088488 2568
1816320 2569
1323657 2570
4056069 2571
3765279 2572
2137654 2573
4316144 2574
121226 2575
1595279 2576
2739161 2577
4352300 2578
5062984 2579
4692913 2580
2381548 2581
3561721 2582
2786674 2583
1841518 2584
4622487 2585
3262741 2586
4418965 2587
3858784 2588
2859111 2589
3608090 2590
396715 2591
4150970 2592
3326561 2593
3285727 2594
5045642 2595
3918676 2596
2401124 2597
2583461 2598
104287 2599
4982687 2600
1359976 2601
575277 2602
2573430 2603
4712862 2604
4806700 2605
3145920 2606
455559 2607
1811685 2608
3869590 2609
1022848 2610
1633923 2611
81536 2612
978431 2613
1244507 2614
1718942 2615
4115142 2616
768898 2617
4668305 2618
236943 2619
2937738 2620
3953313 2621
4214435 2622
3168448 2623
1574216 2624
524065 2625
4200148 2626
5066798 2627
1517913 2628
2475475 2629
237758 2630
1542598 2631
367929 2632
3355675 2633
3205370 2634
4601923 2635
2019253 2636
988951 2637
625129 2638
3790094 2639
2376387 2640
4846705 2641
703611 2642
3352668 2643
1365539 2644
2916786 2645
3112241 2646
4202647 2647
1042769 2648
747520 2649
2505163 2650
42625 2651
544273 2652
4858623 2653
3633611 2654
878214 2655
377380 2656
2146709 2657
23973 2658
3773856 2659
4567841 2660
4358522 2661
2030796 2662
1180858 2663
4234315 2664
2009815 2665
1738875 2666
1203282 2667
1341755 2668
679864 2669
693361 2670
2784744 2671
5095057 2672
5006577 2673
4549308 2674
4517152 2675
1144771 2676
4481730 2677
5059027 2678
4907289 2679
1796255 2680
2550096 2681
1149686 2682
5118189 2683
4122177 2684
2363383 2685
4721699 2686
4049698 2687
2799125 2688
1102338 2689
3549495 2690
4795267 2691
3203207 2692
1732703 2693
1042516 2694
1937071 2695
1772168 2696
3247618 2697
4110375 2698
3739420 2699
1982534 2700
875461 2701
3167354 2702
5080360 2703
1956686 2704
2084022 2705
2413652 2706
4403421 2707
2386343 2708
3438088 2709
5076206 2710
344753 2711
3744290 2712
297504 2713
3289201 2714
4614749 2715
632004 2716
5011039 2717
145669 2718
4756124 2719
2794909 2720
174891 2721
1570651 2722
2582726 2723
2533652 2724
2795703 2725
4447330 2726
1579451 2727
3256109 2728
18976 2729
347891 2730
5040526 2731
3119316 2732
2015127 2733
1267593 2734
599229 2735
3509884 2736
1176706 2737
4158392 2738
2356549 2739
3070628 2740
4156434 2741
1011854 2742
3782835 2743
3997260 2744
2404891 2745
716388 2746
3147410 2747
2245707 2748
2582232 2749
883295 2750
4306430 2751
3102886 2752
3514071 2753
3991945 2754
2216969 2755
1598990 2756
3557590 2757
1764657 2758
4879793 2759
4624139 2760
3915321 2761
4613047 2762
5039501 2763
1864600 2764
137850 2765
1447842 2766
1628716 2767
2290584 2768
1169462 2769
237909 2770
3149342 2771
1415828 2772
796975 2773
2061535 2774
4466503 2775
1808275 2776
1931523 2777
1874701 2778
5086213 2779
3441548 2780
2263457 2781
1137747 2782
4879155 2783
987434 2784
3066300 2785
1692321 2786
90500 2787
4541943 2788
4349771 2789
2357441 2790
2722455 2791
2770425 2792
561662 2793
1428951 2794
1074025 2795
2955846 2796
1594965 2797
287835 2798
1048127 2799
1756013 2800
676683 2801
4068956 2802
72449 2803
1881953 2804
5087834 2805
4378118 2806
2344442 2807
3147872 2808
1055823 2809
3114476 2810
1538488 2811
2914247 2812
3161973 2813
1516500 2814
35431 2815
1500579 2816
1646264 2817
4777158 2818
3294580 2819
1396106 2820
4323243 2821
2195809 2822
4576492 2823
267531 2824
2006438 2825
1707074 2826
4987973 2827
1328948 2828
3059780 2829
319652 2830
3421766 2831
4756798 2832
3933816 2833
724626 2834
4092471 2835
832640 2836
281301 2837
4247342 2838
547115 2839
3461455 2840
4201974 2841
1002439 2842
2287732 2843
10497 2844
1501399 2845
246715 2846
4014543 2847
3285937 2848
4126091 2849
1742740 2850
1695354 2851
4461227 2852
3049104 2853
2112532 2854
4272899 2855
3250020 2856
2040999 2857
3782996 2858
4590326 2859
2874543 2860
2414620 2861
2953778 2862
2863016 2863
2031402 2864
4207513 2865
4478894 2866
277977 2867
1075975 2868
716374 2869
3749074 2870
750889 2871
5151051 2872
3966987 2873
4247379 2874
2256302 2875
2364742 2876
2135882 2877
4453049 2878
1042152 2879
2727746 2880
2807663 2881
4498371 2882
1291315 2883
1069990 2884
603667 2885
581899 2886
1482244 2887
2531901 2888
1402604 2889
4760976 2890
657438 2891
3158117 2892
1392386 2893
2190248 2894
311714 2895
3545452 2896
319341 2897
3486986 2898
2838722 2899
3158146 2900
3543955 2901
558066 2902
3830791 2903
2015220 2904
2704398 2905
4510105 2906
1854236 2907
4587532 2908
1870614 2909
3251377 2910
1865669 2911
4219594 2912
4975221 2913
386454 2914
2624844 2915
1755595 2916
1813024 2917
1734292 2918
1834374 2919
3501126 2920
55218 2921
2273818 2922
4702762 2923
2097574 2924
2990463 2925
3394744 2926
3071121 2927
513987 2928
2886103 2929
3186151 2930
2827039 2931
4443059 2932
1198266 2933
4517249 2934
2575589 2935
2117659 2936
1333388 2937
1387295 2938
867356 2939
1444258 2940
4691545 2941
2057387 2942
480171 2943
316300 2944
4100469 2945
696827 2946
4762383 2947
3941303 2948
1622038 2949
56037 2950
1941837 2951
1925177 2952
3915307 2953
4971109 2954
1078200 2955
5135589 2956
3478916 2957
1985259 2958
1551640 2959
4821799 2960
3277131 2961
3713981 2962
1841594 2963
2084996 2964
4567977 2965
868125 2966
4165867 2967
2504546 2968
4654918 2969
4005262 2970
2360940 2971
2312726 2972
1250810 2973
3792172 2974
4502334 2975
2599746 2976
3864000 2977
1997257 2978
241555 2979
4528563 2980
2913169 2981
2743475 2982
2435528 2983
1995682 2984
5051027 2985
1334594 2986
4095882 2987
148065 2988
2133160 2989
1775555 2990
4203451 2991
2465407 2992
2378905 2993
204584 2994
1172010 2995
4908095 2996
4914935 2997
4995272 2998
3060498 2999
4811514 3000
2044789 3001
287085 3002
513808 3003
3488746 3004
3509899 3005
4454651 3006
193247 3007
1817276 3008
4959134 3009
1403378 3010
2687082 3011
2602071 3012
3321666 3013
2592457 3014
4708544 3015
673866 3016
4012958 3017
2277338 3018
2808995 3019
1342769 3020
3317790 3021
2366665 3022
3677861 3023
3695248 3024
4421804 3025
2327071 3026
155887 3027
2162000 3028
433 3029
2462890 3030
3066457 3031
4623845 3032
1914533 3033
2701354 3034
1665285 3035
2291848 3036
1936987 3037
5036799 3038
4092715 3039
42870 3040
4530577 3041
509605 3042
2196981 3043
2839333 3044
2533660 3045
4938726 3046
4849027 3047
1910187 3048
3142361 3049
2526300 3050
1806381 3051
115535 3052
4880697 3053
4630598 3054
1682870 3055
4341598 3056
3228494 3057
4659685 3058
3934404 3059
538391 3060
932284 3061
3096324 3062
3810459 3063
3546119 3064
2450440 3065
4696642 3066
4732419 3067
4172021 3068
2096985 3069
252626 3070
875031 3071
53695 3072
1562036 3073
1813380 3074
4913182 3075
3480026 3076
2248720 3077
3299330 3078
3502951 3079
4513717 3080
2051355 3081
3974794 3082
1162772 3083
1450520 3084
4513586 3085
210133 3086
1773210 3087
3949923 3088
2582708 3089
1838487 3090
1793572 3091
65043 3092
810130 3093
3848733 3094
2170893 3095
1227141 3096
2103181 3097
2984963 3098
1372456 3099
2690394 3100
4046821 3101
5035023 3102
215949 3103
2038760 3104
5040148 3105
2477700 3106
80627 3107
3511368 3108
4256824 3109
2956371 3110
990352 3111
1501749 3112
1029606 3113
4947400 3114
1739432 3115
565470 3116
1927740 3117
2587893 3118
4703651 3119
4104225 3120
1286197 3121
4786532 3122
3995017 3123
2125655 3124
5131352 3125
315173 3126
3633215 3127
2444286 3128
5124897 3129
2307515 3130
3857903 3131
1408491 3132
2307892 3133
2649809 3134
4830368 3135
3974260 3136
3193281 3137
490602 3138
160615 3139
4772846 3140
1102119 3141
1627759 3142
507611 3143
4812461 3144
2565270 3145
2086493 3146
891517 3147
4945572 3148
3191716 3149
3051934 3150
1700043 3151
4714629 3152
4201379 3153
4865000 3154
1054379 3155
3073334 3156
1360973 3157
5002781 3158
4874897 3159
4677126 3160
3807796 3161
4409885 3162
216509 3163
2698506 3164
2436054 3165
180935 3166
3972894 3167
4387812 3168
4994254 3169
2226553 3170
4789062 3171
1463634 3172
2933258 3173
1253533 3174
1542908 3175
369884 3176
5009684 3177
3189426 3178
2216143 3179
2387410 3180
2995795 3181
2835355 3182
2681404 3183
1364547 3184
257608 3185
769153 3186
2711652 3187
3418034 3188
2902853 3189
2306919 3190
358769 3191
2289382 3192
1052491 3193
3117703 3194
2250589 3195
641958 3196
4927736 3197
3973812 3198
2030856 3199
1170510 3200
3772076 3201
2027485 3202
4379992 3203
1003254 3204
3778112 3205
3753199 3206
2354062 3207
1204080 3208
4247025 3209
1883901 3210
4545121 3211
2973076 3212
1303809 3213
5139402 3214
1162524 3215
4073639 3216
1417584 3217
866476 3218
3875582 3219
326222 3220
3701828 3221
4561174 3222
3128611 3223
686528 3224
4145613 3225
2850921 3226
1136438 3227
2750541 3228
2198225 3229
2670221 3230
3596900 3231
2576922 3232
3236572 3233
2178981 3234
535063 3235
4445425 3236
553539 3237
264354 3238
4466486 3239
623941 3240
4574335 3241
5067173 3242
11517 3243
1034733 3244
1136613 3245
243390 3246
584708 3247
4097765 3248
3179807 3249
3657900 3250
2156401 3251
2432449 3252
4040607 3253
3502883 3254
2015825 3255
4459449 3256
2356482 3257
1073564 3258
1083546 3259
2089054 3260
3801744 3261
1019929 3262
809575 3263
2779095 3264
2998650 3265
1897959 3266
560188 3267
5063857 3268
5134166 3269
2630700 3270
2942656 3271
4292276 3272
4307760 3273
988729 3274
2101058 3275
1034594 3276
4255619 3277
4332466 3278
447253 3279
1989190 3280
924181 3281
137991 3282
569164 3283
5109118 3284
1489535 3285
4914069 3286
3538066 3287
2271370 3288
1974330 3289
1254537 3290
2177437 3291
3419397 3292
1339340 3293
261831 3294
3007336 3295
4336954 3296
2708655 3297
3034228 3298
3244401 3299
754026 3300
1128620 3301
2789657 3302
1939865 3303
2338359 3304
1258453 3305
4123558 3306
4968972 3307
3535027 3308
23962 3309
921305 3310
3127078 3311
375385 3312
3242346 3313
24834 3314
279673 3315
4600543 3316
221668 3317
1694466 3318
75120 3319
2501949 3320
230865 3321
3570317 3322
860487 3323
2643831 3324
182241 3325
3749656 3326
3404603 3327
3485113 3328
4219087 3329
407610 3330
3014483 3331
3091434 3332
1009464 3333
985539 3334
1098779 3335
3586189 3336
4034106 3337
3684313 3338
2230312 3339
3839978 3340
2739418 3341
2696534 3342
185574 3343
2235869 3344
204858 3345
615341 3346
4899701 3347
1372277 3348
4946821 3349
1194970 3350
2676213 3351
3590500 3352
2422515 3353
1083980 3354
2640580 3355
1796436 3356
4774701 3357
3910164 3358
1758302 3359
1737800 3360
3139182 3361
3083709 3362
4430163 3363
5115995 3364
4252365 3365
3618277 3366
4562481 3367
3518329 3368
1907256 3369
3736086 3370
834235 3371
4795261 3372
4965391 3373
4644144 3374
4724220 3375
1821451 3376
3079807 3377
2190054 3378
4593096 3379
3160591 3380
684732 3381
4089987 3382
3964583 3383
2113009 3384
1817964 3385
425903 3386
4590897 3387
2000940 3388
315280 3389
3217449 3390
1711192 3391
523632 3392
1462384 3393
3834103 3394
3529774 3395
445625 3396
755064 3397
1326811 3398
1711702 3399
1629779 3400
2375826 3401
3546623 3402
2775147 3403
375725 3404
3881939 3405
4362885 3406
758425 3407
2119920 3408
1854280 3409
737542 3410
2467209 3411
769532 3412
1620269 3413
1062580 3414
149730 3415
4832655 3416
2348728 3417
2598539 3418
142 3419
2921471 3420
4772038 3421
1651995 3422
3619934 3423
4557894 3424
2782535 3425
1936206 3426
3161391 3427
4748585 3428
4054448 3429
2090724 3430
5159189 3431
4462545 3432
4574184 3433
3894457 3434
2602113 3435
2377974 3436
1808016 3437
4902194 3438
4262924 3439
820172 3440
788629 3441
4071470 3442
3594656 3443
3459820 3444
2851756 3445
3824831 3446
166246 3447
836912 3448
3006103 3449
85380 3450
1082272 3451
3484478 3452
1379427 3453
4459962 3454
3003830 3455
1883768 3456
3197152 3457
5020473 3458
2237595 3459
2431010 3460
5001740 3461
506406 3462
568349 3463
3782510 3464
1717550 3465
1744038 3466
5114809 3467
2025249 3468
2127656 3469
1171629 3470
669394 3471
1844109 3472
288312 3473
93783 3474
198641 3475
4515698 3476
2907526 3477
3519806 3478
320169 3479
3350723 3480
1883033 3481
238829 3482
309375 3483
3640468 3484
3119969 3485
572090 3486
4664336 3487
1464455 3488
4645237 3489
4091753 3490
2472592 3491
4960783 3492
2365959 3493
3494412 3494
1622807 3495
1067950 3496
4377160 3497
863447 3498
5117987 3499
3412394 3500
1397278 3501
4094483 3502
196314 3503
3507694 3504
92984 3505
317234 3506
3192254 3507
3312811 3508
5114494 3509
2345617 3510
2659235 3511
2751923 3512
3231437 3513
152103 3514
4964344 3515
5146195 3516
4358219 3517
457912 3518
176494 3519
4776493 3520
1011371 3521
1104740 3522
4791973 3523
4940506 3524
1640084 3525
5130946 3526
3936023 3527
356493 3528
539698 3529
2710373 3530
2937158 3531
5150861 3532
4824614 3533
2238350 3534
3012730 3535
3621662 3536
2884250 3537
2285934 3538
1818802 3539
2014317 3540
4263304 3541
946974 3542
2934068 3543
4305693 3544
1346835 3545
853254 3546
4225484 3547
2604864 3548
2605467 3549
5031050 3550
4818203 3551
2802933 3552
3691417 3553
2910437 3554
484754 3555
4740109 3556
1366294 3557
5111118 3558
3587604 3559
2614657 3560
29805 3561
598644 3562
1923126 3563
3640792 3564
3064596 3565
3467047 3566
1802204 3567
4958198 3568
2168124 3569
912976 3570
1834513 3571
856230 3572
3984387 3573
4638409 3574
1747422 3575
931971 3576
4551433 3577
2326115 3578
3186790 3579
321595 3580
2451066 3581
821415 3582
924464 3583
617667 3584
4656051 3585
3989034 3586
1107401 3587
1380297 3588
2852008 3589
3589727 3590
1892127 3591
3720887 3592
3932464 3593
1844461 3594
1117939 3595
99743 3596
3654805 3597
2770774 3598
5096799 3599
4535772 3600
3802473 3601
2490825 3602
202825 3603
2508148 3604
4205758 3605
3803308 3606
3090500 3607
2856636 3608
4735054 3609
116309 3610
1312350 3611
2834810 3612
1530630 3613
65244 3614
4542413 3615
2822131 3616
3839660 3617
4015112 3618
4745096 3619
779368 3620
2280709 3621
3663546 3622
2497698 3623
1532457 3624
4158148 3625
4443559 3626
3361571 3627
3624694 3628
3130334 3629
1364525 3630
4999199 3631
4583938 3632
4059952 3633
4845809 3634
5046339 3635
2787831 3636
1747157 3637
4250427 3638
3755943 3639
2067617 3640
1230181 3641
434476 3642
364599 3643
4142887 3644
136516 3645
978308 3646
740344 3647
2714361 3648
4816257 3649
1253330 3650
208968 3651
1043714 3652
1194183 3653
1384717 3654
379188 3655
5007707 3656
1057463 3657
3419690 3658
540344 3659
1213874 3660
1082156 3661
731721 3662
3114225 3663
2723603 3664
965613 3665
4782541 3666
642734 3667
4024974 3668
77168 3669
1276446 3670
1189853 3671
4728836 3672
826205 3673
1383350 3674
1136136 3675
1430363 3676
4072909 3677
3935086 3678
1031822 3679
2217254 3680
2312667 3681
2883047 3682
347750 3683
1490926 3684
3806109 3685
72144 3686
3460344 3687
5125913 3688
211244 3689
74403 3690
67176 3691
3548268 3692
3109232 3693
3231513 3694
2684226 3695
4309220 3696
2967582 3697
1126354 3698
3936216 3699
2628773 3700
2424124 3701
1011124 3702
4263070 3703
3435679 3704
4522344 3705
2390144 3706
2363788 3707
2290512 3708
2129454 3709
493717 3710
4627846 3711
505787 3712
4318899 3713
1906628 3714
4718804 3715
3825044 3716
2314769 3717
1002657 3718
1905741 3719
1367549 3720
3628082 3721
1324310 3722
2057934 3723
2288958 3724
3707584 3725
520512 3726
2283267 3727
1659895 3728
2042655 3729
2651237 3730
4513461 3731
2509420 3732
1102431 3733
1852978 3734
3965862 3735
702010 3736
4949912 3737
3370650 3738
3771598 3739
942492 3740
2455213 3741
2020602 3742
2055917 3743
642540 3744
2331370 3745
1141190 3746
284882 3747
4371202 3748
146376 3749
2304016 3750
5050090 3751
399034 3752
4891981 3753
3329640 3754
2991661 3755
2604603 3756
1573247 3757
2174245 3758
4880643 3759
1607855 3760
4767769 3761
3629812 3762
482819 3763
4622373 3764
4016601 3765
2402398 3766
3337988 3767
3691233 3768
381355 3769
2176106 3770
992537 3771
2698263 3772
3270820 3773
2124040 3774
1853155 3775
955861 3776
1486733 3777
2588261 3778
3848249 3779
4030628 3780
2854923 3781
272684 3782
4149839 3783
1520687 3784
3179582 3785
1044905 3786
2279240 3787
1275312 3788
3973743 3789
334095 3790
824142 3791
4128897 3792
2275104 3793
2512674 3794
4475508 3795
2311596 3796
2657182 3797
4313507 3798
3426054 3799
1746988 3800
1828978 3801
3451571 3802
4678413 3803
4158003 3804
184268 3805
3205009 3806
710368 3807
1885579 3808
1422065 3809
4927282 3810
2368173 3811
593477 3812
1359169 3813
860721 3814
3485341 3815
3502590 3816
1235827 3817
851013 3818
1490774 3819
774756 3820
3758612 3821
827611 3822
996346 3823
3258353 3824
3565648 3825
3981965 3826
3579871 3827
4652119 3828
4222299 3829
2808199 3830
3564897 3831
4252091 3832
5111406 3833
76038 3834
1812001 3835
1684432 3836
4270970 3837
4869314 3838
3391966 3839
439735 3840
2979138 3841
2281549 3842
1814394 3843
1229100 3844
2310171 3845
1902525 3846
4756999 3847
3656216 3848
3523958 3849
2763487 3850
2490013 3851
2537883 3852
122408 3853
1420681 3854
3000933 3855
757699 3856
1437459 3857
765515 3858
4171965 3859
786193 3860
4411651 3861
2663703 3862
2104227 3863
1744531 3864
959900 3865
3415279 3866
4429214 3867
4220278 3868
1029005 3869
4736935 3870
4909682 3871
409868 3872
284053 3873
3346199 3874
2742206 3875
4672362 3876
1183135 3877
2661210 3878
4671586 3879
1018909 3880
4906960 3881
213322 3882
2270327 3883
4573304 3884
43830 3885
1805574 3886
836529 3887
2684269 3888
3662425 3889
4378111 3890
4788719 3891
4140167 3892
636065 3893
3210641 3894
2479928 3895
1986020 3896
5025522 3897
4686509 3898
2944683 3899
4132779 3900
891991 3901
1557499 3902
742560 3903
2643223 3904
4291446 3905
2780055 3906
148703 3907
894229 3908
2189117 3909
566578 3910
2704379 3911
2166051 3912
3054646 3913
622256 3914
4644740 3915
618203 3916
2976565 3917
4930963 3918
2250578 3919
1886097 3920
2559506 3921
1958894 3922
2885825 3923
3757447 3924
1067412 3925
372727 3926
277796 3927
2125378 3928
1861309 3929
3632169 3930
2662904 3931
3084559 3932
2867123 3933
1965186 3934
383913 3935
2243760 3936
3582893 3937
4041131 3938
3439413 3939
5086423 3940
3551955 3941
3024497 3942
870056 3943
3197552 3944
2604841 3945
3520860 3946
2101968 3947
3457845 3948
2960636 3949
5044230 3950
2076413 3951
1285029 3952
4008418 3953
1172574 3954
2053106 3955
3806784 3956
2619126 3957
2753150 3958
2558603 3959
1881013 3960
3951889 3961
4769956 3962
3422317 3963
3987442 3964
2607454 3965
4568251 3966
1156601 3967
1041984 3968
147127 3969
4226509 3970
2382157 3971
1496810 3972
2453701 3973
1607273 3974
2558851 3975
1102990 3976
1316024 3977
872173 3978
2042607 3979
5065314 3980
957999 3981
4446024 3982
1120162 3983
3876466 3984
2440087 3985
2656597 3986
4784395 3987
2682266 3988
510034 3989
3574870 3990
1546534 3991
3036941 3992
1378472 3993
4182808 3994
4020971 3995
4283791 3996
2564692 3997
512363 3998
4928648 3999
2599195 4000
572225 4001
4289456 4002
1821170 4003
1956992 4004
2874839 4005
2199114 4006
830136 4007
238308 4008
3985007 4009
1590317 4010
494912 4011
4394783 4012
3032981 4013
3933588 4014
3140690 4015
144589 4016
1277148 4017
3911312 4018
2891671 4019
1834538 4020
1656913 4021
4870681 4022
3307922 4023
2323318 4024
2734006 4025
1314345 4026
3039944 4027
4970880 4028
505824 4029
1443151 4030
3242341 4031
200431 4032
316041 4033
1061862 4034
3078815 4035
3035283 4036
3657494 4037
4597673 4038
4997353 4039
1777337 4040
4146779 4041
1173209 4042
1873925 4043
3907480 4044
3078940 4045
2346869 4046
1787731 4047
4877481 4048
62302 4049
2758723 4050
4441128 4051
4849545 4052
2899536 4053
1727935 4054
4803862 4055
2296609 4056
3349923 4057
2505071 4058
4607741 4059
2378680 4060
3785484 4061
2637430 4062
2655677 4063
518544 4064
5023296 4065
952891 4066
1771981 4067
732202 4068
3119053 4069
1824500 4070
1199562 4071
4564667 4072
1105946 4073
2719015 4074
3438584 4075
2773307 4076
1612406 4077
403364 4078
1709409 4079
2182713 4080
1211582 4081
602685 4082
1720105 4083
3046100 4084
2909829 4085
2163884 4086
3234927 4087
4259847 4088
657694 4089
5033661 4090
2995341 4091
738609 4092
2960054 4093
1916217 4094
3264274 4095
1481154 4096
4714894 4097
1892018 4098
3034696 4099
4900412 4100
3015666 4101
149907 4102
644526 4103
1447626 4104
2115083 4105
79500 4106
4038767 4107
4479636 4108
3413316 4109
1121235 4110
459701 4111
2700507 4112
3766282 4113
4271824 4114
4909975 4115
1538814 4116
2028923 4117
2890904 4118
4352587 4119
2325438 4120
962505 4121
823609 4122
692968 4123
4632344 4124
2773494 4125
4878603 4126
4913374 4127
730132 4128
555181 4129
3473853 4130
4687657 4131
2704927 4132
894398 4133
3645275 4134
2426894 4135
3246699 4136
4204607 4137
1870902 4138
3019870 4139
3298321 4140
4155499 4141
1081769 4142
4504766 4143
2002647 4144
4314945 4145
4864394 4146
3934888 4147
1178740 4148
3222423 4149
4807354 4150
4173841 4151
2138746 4152
2680788 4153
3727972 4154
2000626 4155
3352645 4156
147614 4157
264667 4158
4417796 4159
745985 4160
3967698 4161
479651 4162
527691 4163
2261537 4164
2739898 4165
4756886 4166
1209832 4167
885933 4168
4747537 4169
1802713 4170
1892478 4171
2856386 4172
755843 4173
4869718 4174
4221530 4175
4484620 4176
594705 4177
4778180 4178
922783 4179
3858022 4180
3050651 4181
794120 4182
2908317 4183
656733 4184
16573 4185
466298 4186
2413394 4187
4546669 4188
4449759 4189
439476 4190
4687729 4191
3877045 4192
222466 4193
1994697 4194
2491069 4195
881859 4196
4008717 4197
4407186 4198
3915737 4199
2967201 4200
1357879 4201
2199057 4202
3265014 4203
1734670 4204
4191603 4205
2110059 4206
2522943 4207
2741273 4208
2981860 4209
1428302 4210
2876210 4211
2309072 4212
5002678 4213
3147669 4214
1750686 4215
2962287 4216
3922450 4217
3278354 4218
1038045 4219
935594 4220
1152530 4221
997219 4222
3549726 4223
2544650 4224
2429222 4225
4950572 4226
1793823 4227
5122568 4228
961402 4229
3759012 4230
3460113 4231
2060075 4232
2071475 4233
3031863 4234
46015 4235
1659056 4236
851374 4237
4792038 4238
2974129 4239
1123370 4240
5090995 4241
1283535 4242
2043168 4243
3039440 4244
2397755 4245
3289682 4246
5061417 4247
2790543 4248
1474748 4249
3051923 4250
2298326 4251
2208291 4252
4092457 4253
4713141 4254
264220 4255
3123241 4256
3954951 4257
1683076 4258
2126598 4259
1451782 4260
907385 4261
3073075 4262
3971582 4263
604843 4264
4558521 4265
4728505 4266
2508674 4267
541926 4268
2670272 4269
4877113 4270
2165639 4271
156247 4272
894724 4273
819721 4274
923697 4275
3201805 4276
2046560 4277
3336793 4278
3330984 4279
334708 4280
4691904 4281
1564580 4282
1870818 4283
4996635 4284
2934810 4285
3969475 4286
4680341 4287
584160 4288
582970 4289
680261 4290
2953080 4291
4699955 4292
3595401 4293
53750 4294
477137 4295
3172550 4296
4427121 4297
3578610 4298
4810813 4299
1122944 4300
2781428 4301
3491203 4302
3818837 4303
4869218 4304
1393008 4305
2217431 4306
1129189 4307
4461986 4308
745194 4309
2901263 4310
3270644 4311
1669844 4312
1123255 4313
3609817 4314
3493501 4315
4115393 4316
482723 4317
4406643 4318
3136357 4319
4698011 4320
3331520 4321
325430 4322
2700523 4323
165227 4324
1471536 4325
813481 4326
4397663 4327
299315 4328
3285590 4329
1595407 4330
3794298 4331
1050907 4332
813082 4333
3589681 4334
2213501 4335
2396907 4336
809482 4337
468633 4338
2044987 4339
2806381 4340
3819879 4341
2248116 4342
3485136 4343
2951503 4344
3735915 4345
4039775 4346
1257988 4347
2510197 4348
2737544 4349
900539 4350
1729960 4351
4026450 4352
4502380 4353
2213792 4354
2701976 4355
4607204 4356
1757114 4357
3953938 4358
2816569 4359
2691816 4360
5041047 4361
4081196 4362
2228280 4363
1958685 4364
1707698 4365
2991325 4366
2519522 4367
3803098 4368
754608 4369
2479772 4370
3026432 4371
2638099 4372
4890731 4373
3952151 4374
4531394 4375
3044930 4376
2100298 4377
2992622 4378
444518 4379
3108496 4380
1095239 4381
3707856 4382
801822 4383
5081099 4384
2979385 4385
2721532 4386
4953023 4387
1844924 4388
1069977 4389
507118 4390
1256388 4391
320178 4392
571374 4393
4254354 4394
1874555 4395
1178573 4396
2091818 4397
4434755 4398
217833 4399
4300672 4400
3316342 4401
2971588 4402
3194620 4403
525327 4404
2237253 4405
2056491 4406
3157487 4407
1688166 4408
2699235 4409
1533016 4410
4241293 4411
3705795 4412
2579386 4413
3313049 4414
2612789 4415
4452314 4416
3756403 4417
399440 4418
4725812 4419
2159688 4420
2873143 4421
1590900 4422
2343919 4423
2471708 4424
4566989 4425
407599 4426
4762226 4427
4506851 4428
1314071 4429
973198 4430
2895201 4431
980394 4432
2884496 4433
4471768 4434
3098783 4435
3896763 4436
5026818 4437
4515824 4438
3249203 4439
23357 4440
3663209 4441
2530533 4442
425476 4443
1237342 4444
1779441 4445
2654376 4446
4872295 4447
3327629 4448
823350 4449
2680728 4450
2618661 4451
2744492 4452
1089157 4453
1116495 4454
940272 4455
435547 4456
3904004 4457
2340258 4458
4725153 4459
3288137 4460
855702 4461
1312021 4462
1259798 4463
3564339 4464
586877 4465
1760289 4466
1520327 4467
2801764 4468
1175867 4469
2199205 4470
2152625 4471
2660430 4472
2697711 4473
1622731 4474
2954371 4475
3239416 4476
981387 4477
1181742 4478
4840072 4479
2682097 4480
2157659 4481
3292425 4482
2849670 4483
4862918 4484
1995609 4485
3702536 4486
3577851 4487
543186 4488
3218589 4489
3173757 4490
3490176 4491
207994 4492
658010 4493
1317735 4494
1525268 4495
3216639 4496
829759 4497
2473310 4498
4823008 4499
1001604 4500
370440 4501
1544794 4502
3916791 4503
451991 4504
4348796 4505
3467264 4506
217498 4507
5073358 4508
4484346 4509
4125341 4510
2746728 4511
1282347 4512
3308 4513
1328527 4514
5114138 4515
4400023 4516
1804383 4517
4373449 4518
1033405 4519
1376135 4520
1393047 4521
261976 4522
810796 4523
4670550 4524
3572504 4525
3392455 4526
2395914 4527
1760247 4528
1570535 4529
1222518 4530
159166 4531
3738246 4532
2084337 4533
2955524 4534
3233798 4535
2769309 4536
864217 4537
1729441 4538
2039449 4539
771658 4540
2960250 4541
2182010 4542
4252236 4543
2587393 4544
2709718 4545
3109729 4546
1427417 4547
976823 4548
2342383 4549
3418408 4550
1503986 4551
4780023 4552
3761330 4553
3902287 4554
4958854 4555
4855233 4556
2950912 4557
4516161 4558
737250 4559
3177215 4560
3830970 4561
4916105 4562
2682781 4563
3347345 4564
289566 4565
1573678 4566
3189200 4567
1361448 4568
3689045 4569
1958907 4570
1585349 4571
921573 4572
6966 4573
2250969 4574
3266580 4575
3415133 4576
113689 4577
4078572 4578
3387793 4579
3372989 4580
1108381 4581
1504299 4582
3523872 4583
2636241 4584
4810522 4585
671147 4586
4400734 4587
2727437 4588
3203257 4589
4417703 4590
2695523 4591
4158239 4592
5018233 4593
354876 4594
4355578 4595
2130753 4596
4459384 4597
246797 4598
1692600 4599
4727115 4600
3465040 4601
2307549 4602
4304778 4603
2206145 4604
2461248 4605
4455437 4606
1045251 4607
3605986 4608
1272765 4609
3978543 4610
2095891 4611
4866579 4612
4279856 4613
317193 4614
1481637 4615
3601196 4616
4069710 4617
1197505 4618
622389 4619
3753668 4620
2160688 4621
1433831 4622
1334782 4623
5075482 4624
5048347 4625
4702179 4626
1655158 4627
984221 4628
1864187 4629
4934597 4630
2927965 4631
4110768 4632
4196768 4633
3591622 4634
4798549 4635
939034 4636
586472 4637
3403879 4638
4070356 4639
3218624 4640
334496 4641
1386654 4642
422912 4643
2370876 4644
1793088 4645
3635792 4646
1854137 4647
3707737 4648
4499378 4649
308936 4650
828544 4651
2579317 4652
1586753 4653
161867 4654
3922070 4655
4961929 4656
4184414 4657
2847992 4658
3000237 4659
3987224 4660
2580440 4661
2577628 4662
1546909 4663
3371077 4664
1444076 4665
4539466 4666
4760181 4667
143005 4668
2849223 4669
2870990 4670
2010982 4671
1446825 4672
1371109 4673
984105 4674
295410 4675
5118885 4676
4275712 4677
2798562 4678
3711568 4679
4049239 4680
1335185 4681
3347486 4682
2199630 4683
4561458 4684
5107361 4685
4697340 4686
1125278 4687
428048 4688
1654143 4689
4485835 4690
2214180 4691
3253921 4692
3665112 4693
3177286 4694
293412 4695
4080643 4696
995850 4697
1578438 4698
4624074 4699
3289723 4700
2204996 4701
2822299 4702
1215038 4703
3529370 4704
134452 4705
4866237 4706
3192237 4707
2284927 4708
505414 4709
2762509 4710
591684 4711
3478162 4712
2811065 4713
1348133 4714
4008574 4715
3517058 4716
4688392 4717
3727111 4718
3400958 4719
749954 4720
2843145 4721
3734853 4722
1993639 4723
4965170 4724
243429 4725
2145847 4726
2003140 4727
142920 4728
4257278 4729
3325141 4730
4299614 4731
3929372 4732
3224012 4733
829406 4734
482493 4735
4216407 4736
4584309 4737
521334 4738
155943 4739
435998 4740
3943756 4741
4303508 4742
4717134 4743
3518901 4744
1470675 4745
4907977 4746
237258 4747
844977 4748
4667064 4749
3700663 4750
1706729 4751
25397 4752
2413168 4753
374553 4754
4027504 4755
3298379 4756
4489811 4757
3936531 4758
3626755 4759
2103289 4760
3579177 4761
4338280 4762
1541183 4763
4659524 4764
455374 4765
3406984 4766
1819283 4767
2948614 4768
1418122 4769
2498280 4770
2820520 4771
3354045 4772
4055776 4773
2973012 4774
2079722 4775
3975603 4776
4358999 4777
3717828 4778
4296993 4779
2945820 4780
4882941 4781
2123323 4782
1467330 4783
1141055 4784
2961045 4785
4005743 4786
4412085 4787
2750759 4788
4900597 4789
2945568 4790
4774357 4791
2805466 4792
253633 4793
3098091 4794
4754592 4795
4152765 4796
4186966 4797
3806613 4798
4956897 4799
4694674 4800
1750706 4801
484322 4802
4227358 4803
4165505 4804
5063570 4805
2150577 4806
2291449 4807
2925287 4808
3253282 4809
5077639 4810
3589222 4811
1618632 4812
942280 4813
5030611 4814
3557763 4815
3576155 4816
4220318 4817
2387759 4818
3281956 4819
841423 4820
4293745 4821
3367204 4822
1113854 4823
2020505 4824
938207 4825
3468796 4826
836768 4827
141768 4828
4057580 4829
2931525 4830
955544 4831
936646 4832
1036917 4833
1584469 4834
2794241 4835
965812 4836
3243661 4837
1764235 4838
892452 4839
1964381 4840
115696 4841
2075785 4842
3297569 4843
3405405 4844
1986173 4845
4840014 4846
702943 4847
3841206 4848
1452632 4849
3137114 4850
1397603 4851
4095210 4852
4361843 4853
332588 4854
4504033 4855
3664553 4856
3372876 4857
3312363 4858
3551756 4859
4790765 4860
3555437 4861
5088593 4862
3225981 4863
1918132 4864
4949239 4865
1041335 4866
735378 4867
1518231 4868
3919668 4869
1031759 4870
4169409 4871
2879067 4872
3651512 4873
3426828 4874
2526881 4875
3494861 4876
25617 4877
3441453 4878
156744 4879
2372865 4880
4393468 4881
2842619 4882
2924591 4883
3345605 4884
2911941 4885
4538003 4886
2295416 4887
1513906 4888
3415218 4889
4692585 4890
1262538 4891
3012991 4892
4681232 4893
4975393 4894
1089161 4895
836677 4896
570742 4897
3197980 4898
4807854 4899
4481717 4900
4302315 4901
4708123 4902
3149507 4903
2695122 4904
4478949 4905
2030979 4906
241751 4907
3981509 4908
3788165 4909
2470184 4910
5094202 4911
4343969 4912
726934 4913
2816008 4914
2821306 4915
1043121 4916
147701 4917
4777924 4918
3607712 4919
2045425 4920
5052312 4921
3794788 4922
1678519 4923
1723753 4924
552700 4925
3632679 4926
2899024 4927
3378738 4928
2789294 4929
4309120 4930
2615212 4931
148392 4932
3794122 4933
1687006 4934
3120835 4935
862637 4936
1330162 4937
1101548 4938
533008 4939
1608552 4940
2951799 4941
3179848 4942
633749 4943
4214524 4944
2414428 4945
1675789 4946
1919986 4947
3027046 4948
2862052 4949
418246 4950
3238028 4951
4137949 4952
426157 4953
2005966 4954
3642260 4955
1184210 4956
2679249 4957
4411483 4958
1783613 4959
3092576 4960
1931769 4961
440300 4962
4291955 4963
5091407 4964
1554581 4965
4911623 4966
3240239 4967
1803403 4968
2310337 4969
4994726 4970
4839209 4971
3362601 4972
1844148 4973
4597354 4974
778183 4975
317843 4976
3875410 4977
480975 4978
2221196 4979
2753462 4980
3072389 4981
265942 4982
2565165 4983
675573 4984
4523863 4985
1838757 4986
184078 4987
4890733 4988
1034517 4989
2572282 4990
2462827 4991
4792662 4992
3593092 4993
407509 4994
4670158 4995
2387441 4996
1183415 4997
11611 4998
4061696 4999
4929455 5000
3155956 5001
1540578 5002
2865381 5003
184189 5004
2161195 5005
2623624 5006
926484 5007
3167263 5008
2804448 5009
911299 5010
3515759 5011
4249373 5012
4645533 5013
1791595 5014
4712530 5015
5140952 5016
3147600 5017
912788 5018
2318646 5019
2867206 5020
4450865 5021
1905432 5022
3643327 5023
240803 5024
2672014 5025
3091105 5026
4228494 5027
5058236 5028
4922272 5029
2444634 5030
2833701 5031
3893806 5032
3776212 5033
984956 5034
4759006 5035
1313452 5036
4487429 5037
4676325 5038
2246446 5039
712392 5040
3903866 5041
4726655 5042
152859 5043
3433773 5044
2325539 5045
1706095 5046
3848162 5047
3420041 5048
3115912 5049
1141409 5050
1477088 5051
2282299 5052
3350558 5053
894211 5054
3467990 5055
1535579 5056
882337 5057
2318385 5058
3259937 5059
2345719 5060
1202392 5061
1124778 5062
5131007 5063
4861356 5064
1379856 5065
311591 5066
747048 5067
3328172 5068
90310 5069
4882928 5070
3232992 5071
1803651 5072
3304475 5073
4488117 5074
774119 5075
4657944 5076
1478268 5077
5085374 5078
3533007 5079
4907854 5080
2874476 5081
2869709 5082
582508 5083
5021686 5084
4293421 5085
4995117 5086
1909515 5087
135398 5088
448343 5089
4013742 5090
857225 5091
3207480 5092
479073 5093
3170506 5094
4327736 5095
1730773 5096
3276990 5097
2910960 5098
1174822 5099
2857971 5100
1158079 5101
1326795 5102
1637621 5103
1597807 5104
4377391 5105
2314640 5106
318318 5107
3854230 5108
1246572 5109
4382382 5110
310676 5111
2512290 5112
1331350 5113
216621 5114
940219 5115
1302943 5116
3775922 5117
4829107 5118
4885866 5119
4014872 5120
2208509 5121
1005904 5122
941304 5123
2746598 5124
4364929 5125
512521 5126
3446108 5127
3720358 5128
5080506 5129
2700484 5130
434210 5131
2655944 5132
4238722 5133
2970600 5134
1731054 5135
950626 5136
3947094 5137
1458345 5138
1922636 5139
1851623 5140
3548957 5141
2026531 5142
1954436 5143
1995228 5144
4920159 5145
2246035 5146
1357712 5147
3073526 5148
3603903 5149
1944325 5150
4602137 5151
1067457 5152
4428313 5153
4537185 5154
4006082 5155
2106622 5156
702177 5157
4132739 5158
4706946 5159
330410 5160
980484 5161
4478807 5162
1624241 5163
3150729 5164
5016279 5165
981378 5166
3012467 5167
1628109 5168
3681935 5169
744753 5170
3470901 5171
1999290 5172
939641 5173
2283532 5174
2280002 5175
183238 5176
4635539 5177
3285078 5178
4473062 5179
3676773 5180
3951462 5181
2378780 5182
1884224 5183
4531857 5184
3199088 5185
1819353 5186
2221979 5187
4893944 5188
508237 5189
1110843 5190
4302739 5191
2513016 5192
