60381 1
74028 2
149896 3
744466 4
309071 5
597058 6
394484 7
449292 8
919021 9
446689 10
904916 11
585623 12
196856 13
995032 14
255876 15
160781 16
648560 17
442787 18
604774 19
293219 20
897262 21
520079 22
55469 23
217278 24
914956 25
708475 26
489962 27
455228 28
897985 29
987145 30
814918 31
1011463 32
595311 33
874796 34
432203 35
471133 36
154335 37
371414 38
166671 39
719051 40
205196 41
410156 42
102282 43
19258 44
10453 45
921141 46
680183 47
421321 48
262169 49
868216 50
743998 51
814205 52
31387 53
10239 54
280472 55
413451 56
300132 57
969757 58
77681 59
825583 60
373080 61
987609 62
398775 63
960010 64
615211 65
692159 66
381446 67
440881 68
395735 69
451464 70
702776 71
276920 72
840178 73
497547 74
309049 75
998506 76
284808 77
234008 78
350705 79
290497 80
754242 81
245113 82
593274 83
523101 84
871096 85
746619 86
389367 87
37062 88
444674 89
874979 90
739663 91
968837 92
864954 93
578276 94
971608 95
796744 96
541191 97
711386 98
226207 99
882915 100
203378 101
553687 102
378430 103
18440 104
490799 105
448628 106
143328 107
643183 108
446874 109
215989 110
845081 111
370298 112
333312 113
889683 114
659119 115
590936 116
566800 117
859480 118
952282 119
467385 120
248721 121
838233 122
78363 123
431842 124
910928 125
408042 126
28321 127
257136 128
393581 129
797887 130
346043 131
32387 132
331528 133
780070 134
344631 135
122286 136
101660 137
87560 138
988136 139
388824 140
25519 141
738925 142
269442 143
445720 144
663452 145
204031 146
317981 147
804779 148
524699 149
643081 150
1002845 151
1016807 152
379972 153
98895 154
439953 155
727258 156
865706 157
827364 158
167400 159
69698 160
466591 161
406849 162
990683 163
596157 164
485210 165
47589 166
449435 167
190323 168
579479 169
967649 170
298915 171
331826 172
873199 173
312230 174
944425 175
715711 176
565731 177
457271 178
739959 179
725098 180
1013406 181
681530 182
203929 183
104019 184
771731 185
296361 186
404229 187
874059 188
93806 189
999571 190
285610 191
852978 192
871403 193
586634 194
484920 195
150527 196
132882 197
378583 198
545571 199
893819 200
926792 201
985460 202
861977 203
184023 204
330274 205
165939 206
360135 207
945925 208
734859 209
506852 210
528329 211
1007730 212
444469 213
295707 214
867482 215
246640 216
280372 217
772720 218
904222 219
544396 220
394697 221
25216 222
760919 223
575165 224
856339 225
942256 226
323124 227
288579 228
430543 229
43011 230
921840 231
358109 232
167167 233
377195 234
412254 235
243799 236
209219 237
603882 238
746163 239
673312 240
309763 241
693519 242
173302 243
381745 244
616474 245
42116 246
449232 247
981910 248
575548 249
866670 250
186521 251
356461 252
865791 253
981176 254
840071 255
290361 256
595712 257
283944 258
231911 259
3134 260
25413 261
566398 262
407822 263
575073 264
859560 265
650077 266
413919 267
148717 268
395683 269
357776 270
278910 271
442002 272
587266 273
174147 274
901764 275
250902 276
608499 277
562808 278
926341 279
116659 280
162440 281
452413 282
860783 283
626733 284
291318 285
863733 286
455005 287
270870 288
453736 289
163504 290
289185 291
460442 292
443154 293
885360 294
366280 295
130749 296
683561 297
202098 298
19918 299
289924 300
420482 301
209817 302
684876 303
759142 304
387652 305
3399 306
597458 307
740506 308
839995 309
940192 310
574969 311
956557 312
88010 313
277393 314
718936 315
448241 316
657572 317
314788 318
919666 319
564461 320
681453 321
699660 322
244120 323
733914 324
503585 325
170021 326
424019 327
713391 328
735107 329
550008 330
729668 331
660327 332
1008030 333
726861 334
822312 335
268894 336
45448 337
186227 338
884889 339
573250 340
237001 341
329454 342
303014 343
201327 344
793180 345
17489 346
982570 347
147587 348
482327 349
948555 350
75299 351
126596 352
681392 353
980728 354
669622 355
280392 356
705145 357
347716 358
518525 359
988340 360
199896 361
132305 362
464273 363
220288 364
571780 365
457311 366
241333 367
526437 368
731933 369
44421 370
972254 371
631302 372
27748 373
978434 374
738418 375
661959 376
353091 377
618293 378
946484 379
787723 380
77800 381
99180 382
40753 383
837849 384
724003 385
795224 386
441064 387
429607 388
848638 389
969530 390
710133 391
821688 392
269668 393
861453 394
427921 395
92448 396
231291 397
150440 398
841566 399
426328 400
405732 401
896343 402
496236 403
349398 404
423195 405
630622 406
813058 407
733137 408
200633 409
936108 410
400548 411
987628 412
456704 413
225036 414
169477 415
424824 416
978848 417
875306 418
452440 419
895895 420
946611 421
136585 422
421349 423
542264 424
961473 425
799048 426
471378 427
306606 428
752495 429
323710 430
240875 431
444513 432
304523 433
428527 434
466393 435
504089 436
973301 437
773277 438
3144 439
814069 440
942316 441
188224 442
438838 443
247831 444
671032 445
159102 446
664101 447
183952 448
708132 449
261511 450
905624 451
723886 452
463530 453
525286 454
535380 455
538745 456
1013013 457
28018 458
427755 459
325755 460
839645 461
54717 462
865643 463
540372 464
39176 465
326575 466
346965 467
866021 468
511989 469
378398 470
792860 471
188490 472
445648 473
393315 474
903779 475
94787 476
450086 477
104083 478
197035 479
245703 480
358853 481
111886 482
170035 483
457240 484
363896 485
864161 486
296731 487
513071 488
496867 489
541190 490
213053 491
13326 492
750683 493
763409 494
361890 495
996917 496
286568 497
142392 498
72906 499
205824 500
195329 501
478846 502
232069 503
148996 504
745826 505
25292 506
55086 507
98962 508
326226 509
111076 510
598884 511
887821 512
189942 513
857152 514
189548 515
204971 516
565866 517
831587 518
165111 519
120995 520
947590 521
905983 522
921916 523
308984 524
660803 525
411466 526
2021 527
384190 528
660006 529
391589 530
274840 531
733706 532
301839 533
73937 534
351989 535
953665 536
876238 537
308127 538
879929 539
854479 540
123623 541
413856 542
16911 543
723519 544
235990 545
121082 546
608681 547
76792 548
346930 549
6232 550
744702 551
698244 552
970735 553
157588 554
450267 555
526981 556
850342 557
854278 558
467686 559
311833 560
440602 561
829851 562
471450 563
470418 564
378983 565
852990 566
274588 567
357565 568
498033 569
283392 570
535645 571
490524 572
177806 573
1004875 574
714619 575
966784 576
205298 577
370475 578
80184 579
430686 580
482010 581
735928 582
769755 583
17747 584
458306 585
995215 586
335893 587
47709 588
266226 589
70093 590
706442 591
538643 592
430215 593
369590 594
365974 595
212191 596
971150 597
951920 598
72056 599
624980 600
957121 601
529959 602
592891 603
354467 604
706216 605
132640 606
58790 607
360285 608
583694 609
932710 610
231042 611
504943 612
27043 613
510146 614
772522 615
566894 616
743452 617
127157 618
708557 619
744548 620
359859 621
877614 622
463265 623
103242 624
620279 625
357867 626
464862 627
480122 628
83077 629
944125 630
282284 631
155526 632
247989 633
107411 634
953430 635
565383 636
848857 637
312901 638
16202 639
267677 640
133792 641
608520 642
516523 643
127482 644
423429 645
15473 646
567110 647
894129 648
612382 649
184854 650
370577 651
290296 652
32479 653
283647 654
446503 655
99695 656
179105 657
997321 658
161750 659
165733 660
815823 661
437081 662
936752 663
462049 664
779128 665
179324 666
350029 667
746798 668
178185 669
758069 670
6379 671
813958 672
25817 673
210557 674
226907 675
852907 676
73548 677
447611 678
259615 679
18065 680
260638 681
426015 682
737788 683
244903 684
99904 685
669075 686
410536 687
487147 688
984411 689
501692 690
684125 691
275300 692
725582 693
293440 694
927012 695
193126 696
204956 697
783497 698
565922 699
535724 700
966696 701
519975 702
124607 703
384400 704
443960 705
798659 706
394995 707
912028 708
133061 709
346903 710
978597 711
656231 712
343860 713
763300 714
93132 715
193016 716
108295 717
1013357 718
534981 719
302301 720
256323 721
94754 722
661095 723
576051 724
288211 725
955019 726
126693 727
264735 728
932460 729
588301 730
31462 731
771085 732
879849 733
832999 734
521778 735
300342 736
248883 737
746272 738
608293 739
292443 740
693413 741
507151 742
1004469 743
219472 744
45577 745
883492 746
599095 747
790440 748
414493 749
921638 750
98233 751
499141 752
878675 753
235910 754
16281 755
185281 756
892065 757
692057 758
22555 759
212646 760
406475 761
887095 762
636124 763
723715 764
1004584 765
235235 766
910342 767
524809 768
267708 769
395779 770
441575 771
789391 772
552231 773
516133 774
315767 775
101819 776
334141 777
364834 778
677993 779
538137 780
550680 781
1006872 782
205931 783
270916 784
629711 785
138069 786
354353 787
968700 788
524735 789
144639 790
330453 791
191391 792
107013 793
805446 794
86975 795
442427 796
223126 797
595810 798
990555 799
387990 800
3981 801
328264 802
299652 803
4762 804
586610 805
677286 806
586314 807
446449 808
211776 809
78403 810
16603 811
996801 812
537015 813
767553 814
589491 815
462755 816
687133 817
487795 818
952441 819
584 820
457430 821
953920 822
129217 823
302287 824
335877 825
177872 826
421347 827
496961 828
744926 829
251266 830
682536 831
819245 832
656279 833
318619 834
958405 835
921801 836
218408 837
975365 838
28442 839
868508 840
22348 841
24544 842
324286 843
675514 844
680377 845
721357 846
467534 847
78444 848
1008893 849
650714 850
42193 851
342315 852
213744 853
943287 854
858271 855
487432 856
481224 857
272758 858
98146 859
294796 860
916550 861
460448 862
539981 863
2140 864
761623 865
557941 866
822752 867
406883 868
315435 869
839710 870
25086 871
582221 872
428561 873
872203 874
561078 875
297471 876
852596 877
1014945 878
557526 879
183525 880
956356 881
623940 882
184822 883
60063 884
780286 885
213624 886
408034 887
735495 888
681101 889
94264 890
346554 891
910040 892
688632 893
791918 894
963222 895
337581 896
13033 897
727277 898
355610 899
953685 900
678309 901
690521 902
485983 903
967815 904
832570 905
887693 906
883970 907
261513 908
684025 909
679274 910
408475 911
322850 912
860578 913
245873 914
356788 915
438699 916
453405 917
274636 918
724261 919
794466 920
248761 921
247298 922
857203 923
567170 924
753171 925
367149 926
460749 927
996768 928
879042 929
474159 930
751721 931
508672 932
123437 933
526201 934
776849 935
986796 936
407499 937
984734 938
303182 939
139984 940
392986 941
982303 942
336192 943
464767 944
770671 945
712134 946
175777 947
320587 948
143978 949
722994 950
680653 951
886273 952
426242 953
951797 954
941342 955
358125 956
269210 957
104748 958
677026 959
175418 960
835966 961
349394 962
279977 963
199018 964
551419 965
478213 966
836593 967
298273 968
410505 969
715330 970
596107 971
27291 972
929136 973
262584 974
1006745 975
779193 976
263777 977
119108 978
990354 979
794021 980
161363 981
45456 982
861213 983
102716 984
712065 985
418542 986
39034 987
473368 988
109364 989
140047 990
408478 991
153798 992
811910 993
23079 994
42811 995
89533 996
743896 997
525114 998
387786 999
6213 1000
242685 1001
810135 1002
1008297 1003
895100 1004
468183 1005
538495 1006
72818 1007
694934 1008
87217 1009
726278 1010
747633 1011
137505 1012
738675 1013
988523 1014
892044 1015
578343 1016
850841 1017
830554 1018
439586 1019
239582 1020
143232 1021
857453 1022
867077 1023
900986 1024
620599 1025
266640 1026
635928 1027
193017 1028
240164 1029
220575 1030
108275 1031
683995 1032
777243 1033
214258 1034
680431 1035
19564 1036
441827 1037
437006 1038
716308 1039
889354 1040
394463 1041
955152 1042
75901 1043
630475 1044
564060 1045
602602 1046
777761 1047
521848 1048
791535 1049
564496 1050
974457 1051
306161 1052
523342 1053
90030 1054
765446 1055
785471 1056
89779 1057
152392 1058
93066 1059
427757 1060
857494 1061
269495 1062
3135 1063
539450 1064
1017111 1065
124507 1066
897963 1067
238356 1068
51996 1069
603278 1070
310972 1071
723699 1072
727159 1073
702154 1074
627449 1075
504525 1076
792441 1077
389295 1078
75966 1079
443866 1080
856747 1081
220261 1082
74060 1083
999018 1084
276042 1085
591625 1086
869528 1087
511956 1088
415803 1089
690517 1090
710220 1091
962389 1092
460495 1093
455262 1094
432739 1095
287068 1096
347774 1097
970419 1098
793947 1099
74792 1100
391906 1101
475352 1102
867251 1103
505264 1104
243448 1105
111194 1106
57423 1107
456639 1108
643891 1109
783170 1110
667096 1111
545998 1112
80100 1113
534690 1114
371788 1115
674695 1116
75862 1117
238014 1118
704772 1119
500615 1120
813954 1121
920129 1122
722500 1123
1188 1124
880722 1125
939952 1126
64560 1127
126148 1128
731661 1129
236969 1130
692421 1131
655350 1132
698344 1133
11577 1134
773845 1135
754901 1136
225548 1137
806990 1138
772736 1139
593588 1140
905875 1141
365819 1142
341062 1143
807288 1144
989344 1145
765797 1146
220852 1147
942119 1148
339243 1149
379937 1150
381759 1151
713812 1152
364353 1153
362223 1154
754416 1155
74116 1156
737126 1157
476045 1158
611971 1159
252615 1160
239005 1161
696975 1162
3735 1163
780309 1164
125867 1165
280486 1166
190873 1167
673119 1168
396039 1169
401 1170
248696 1171
271755 1172
133950 1173
664274 1174
32422 1175
273062 1176
358618 1177
716577 1178
565803 1179
16952 1180
991000 1181
247834 1182
580604 1183
608163 1184
740047 1185
445586 1186
838714 1187
517334 1188
315769 1189
727334 1190
53114 1191
558174 1192
812486 1193
114857 1194
604441 1195
179611 1196
659785 1197
168924 1198
602609 1199
430387 1200
358754 1201
185992 1202
490044 1203
45999 1204
239083 1205
718486 1206
326309 1207
797658 1208
827357 1209
396952 1210
288964 1211
822692 1212
179336 1213
379613 1214
681360 1215
186714 1216
549340 1217
453783 1218
702100 1219
762798 1220
390246 1221
299054 1222
437819 1223
415945 1224
820877 1225
43880 1226
122497 1227
393577 1228
314937 1229
189013 1230
65850 1231
184451 1232
866016 1233
290581 1234
71157 1235
704546 1236
727898 1237
236035 1238
617907 1239
338184 1240
539525 1241
960681 1242
412556 1243
115081 1244
774211 1245
64727 1246
875903 1247
426536 1248
578925 1249
809652 1250
937301 1251
242252 1252
178485 1253
624120 1254
193188 1255
222601 1256
547809 1257
730851 1258
369380 1259
775422 1260
620616 1261
6189 1262
599150 1263
911403 1264
219747 1265
160006 1266
713611 1267
98075 1268
102009 1269
241297 1270
901874 1271
702616 1272
607431 1273
70916 1274
380380 1275
451503 1276
277465 1277
513049 1278
117003 1279
694265 1280
979463 1281
7010 1282
453079 1283
235746 1284
165053 1285
480388 1286
973350 1287
874955 1288
217473 1289
876066 1290
911727 1291
76964 1292
490697 1293
677615 1294
118740 1295
112568 1296
834239 1297
804691 1298
872344 1299
642133 1300
47206 1301
123197 1302
2181 1303
265069 1304
938759 1305
663989 1306
456878 1307
761995 1308
687754 1309
554393 1310
189119 1311
571200 1312
302237 1313
449610 1314
799687 1315
192641 1316
249084 1317
393629 1318
679727 1319
10280 1320
301227 1321
256175 1322
796954 1323
759598 1324
443298 1325
933856 1326
578519 1327
454033 1328
861359 1329
830672 1330
695885 1331
390866 1332
914744 1333
802469 1334
943780 1335
865078 1336
792971 1337
613020 1338
606762 1339
204729 1340
679151 1341
964422 1342
868640 1343
572756 1344
781879 1345
145879 1346
468583 1347
285694 1348
734615 1349
332636 1350
221235 1351
770759 1352
639635 1353
560355 1354
6165 1355
404318 1356
285758 1357
97918 1358
838280 1359
656345 1360
505629 1361
717595 1362
192499 1363
657216 1364
465980 1365
145456 1366
151597 1367
678121 1368
165025 1369
21443 1370
990595 1371
128379 1372
909159 1373
579610 1374
637739 1375
934071 1376
211972 1377
875590 1378
887230 1379
1005060 1380
520393 1381
261719 1382
857158 1383
181882 1384
832767 1385
305387 1386
250583 1387
158210 1388
284647 1389
785178 1390
817363 1391
204929 1392
419255 1393
427127 1394
891532 1395
33644 1396
98485 1397
210019 1398
1006010 1399
736060 1400
196475 1401
672948 1402
235270 1403
93088 1404
424099 1405
261986 1406
460891 1407
156389 1408
862539 1409
124989 1410
94801 1411
147086 1412
686296 1413
874914 1414
1001454 1415
789098 1416
157262 1417
355581 1418
186348 1419
764739 1420
912071 1421
834869 1422
386093 1423
494696 1424
748094 1425
1017695 1426
523227 1427
358209 1428
81036 1429
446036 1430
1001422 1431
924798 1432
172091 1433
598819 1434
324898 1435
378404 1436
993242 1437
420967 1438
577522 1439
825369 1440
732750 1441
100037 1442
32427 1443
404437 1444
589428 1445
640946 1446
311 1447
278038 1448
316341 1449
964515 1450
200480 1451
810717 1452
938573 1453
243351 1454
210570 1455
627318 1456
157975 1457
25895 1458
983225 1459
918446 1460
173436 1461
592179 1462
8706 1463
260047 1464
111685 1465
79115 1466
552230 1467
659388 1468
859101 1469
833572 1470
188159 1471
128565 1472
694425 1473
623465 1474
139649 1475
213378 1476
280762 1477
297000 1478
946035 1479
673460 1480
796959 1481
493971 1482
990563 1483
863926 1484
496727 1485
375861 1486
910208 1487
592026 1488
541722 1489
868209 1490
84596 1491
604760 1492
93778 1493
680637 1494
55651 1495
615997 1496
153002 1497
608397 1498
626850 1499
987426 1500
713618 1501
695742 1502
706783 1503
573006 1504
859186 1505
427514 1506
107643 1507
627526 1508
824410 1509
235709 1510
56366 1511
421337 1512
238061 1513
819946 1514
500836 1515
511405 1516
166514 1517
193920 1518
628165 1519
590120 1520
70286 1521
872336 1522
122504 1523
27879 1524
754145 1525
674332 1526
703967 1527
870790 1528
110845 1529
138338 1530
573769 1531
963560 1532
938220 1533
40781 1534
386738 1535
26174 1536
515055 1537
57980 1538
308685 1539
240611 1540
1014610 1541
99399 1542
42762 1543
259177 1544
334242 1545
609199 1546
959421 1547
996101 1548
270357 1549
232704 1550
324611 1551
447272 1552
510582 1553
320546 1554
720110 1555
130406 1556
841119 1557
819107 1558
857482 1559
910168 1560
905766 1561
213305 1562
843802 1563
678949 1564
478508 1565
1005362 1566
588696 1567
314555 1568
10610 1569
198574 1570
87188 1571
142030 1572
215478 1573
372381 1574
165666 1575
326730 1576
837746 1577
362387 1578
169473 1579
458805 1580
800789 1581
477509 1582
589147 1583
360032 1584
175446 1585
836970 1586
98361 1587
976194 1588
341054 1589
576096 1590
191701 1591
978094 1592
3193 1593
534365 1594
184016 1595
357360 1596
747098 1597
991689 1598
966787 1599
489695 1600
154672 1601
249374 1602
401177 1603
210686 1604
461405 1605
164047 1606
44213 1607
343857 1608
526165 1609
556182 1610
216129 1611
795174 1612
637813 1613
886941 1614
414142 1615
1013251 1616
528706 1617
119489 1618
150159 1619
356848 1620
387239 1621
81024 1622
892834 1623
367364 1624
795939 1625
709110 1626
212322 1627
105830 1628
790438 1629
336487 1630
46059 1631
1012002 1632
513545 1633
603930 1634
421053 1635
966290 1636
277024 1637
899190 1638
964989 1639
745374 1640
712668 1641
314033 1642
625585 1643
182329 1644
171526 1645
53468 1646
440252 1647
201638 1648
127261 1649
1006446 1650
786605 1651
324377 1652
590182 1653
514312 1654
635173 1655
729804 1656
49977 1657
134525 1658
394520 1659
240542 1660
446237 1661
130661 1662
863532 1663
48346 1664
967548 1665
19179 1666
63321 1667
276389 1668
404423 1669
389290 1670
239846 1671
386224 1672
718175 1673
363796 1674
199280 1675
517679 1676
490508 1677
66878 1678
833098 1679
53794 1680
234628 1681
115552 1682
914756 1683
858589 1684
316787 1685
590855 1686
694135 1687
714404 1688
381169 1689
748138 1690
295816 1691
972568 1692
404587 1693
722834 1694
407983 1695
601874 1696
335027 1697
640251 1698
966864 1699
830422 1700
302112 1701
442915 1702
842115 1703
986647 1704
830732 1705
64067 1706
744611 1707
255772 1708
222701 1709
977947 1710
15532 1711
671470 1712
1002491 1713
129851 1714
656489 1715
243994 1716
188153 1717
728764 1718
35613 1719
935849 1720
898660 1721
356937 1722
80751 1723
816416 1724
485781 1725
619285 1726
93008 1727
927030 1728
898634 1729
562421 1730
68989 1731
819256 1732
124150 1733
161294 1734
788327 1735
361646 1736
861957 1737
751722 1738
552371 1739
223942 1740
312053 1741
200507 1742
34401 1743
476 1744
229237 1745
45919 1746
120941 1747
229974 1748
417159 1749
508180 1750
15482 1751
197027 1752
472069 1753
425980 1754
573049 1755
372875 1756
647643 1757
72519 1758
733170 1759
248479 1760
554468 1761
876439 1762
237582 1763
769290 1764
894723 1765
202534 1766
58398 1767
538710 1768
976973 1769
112870 1770
134098 1771
326391 1772
19241 1773
51342 1774
945822 1775
101009 1776
979630 1777
824933 1778
579449 1779
507066 1780
892174 1781
235879 1782
905742 1783
843021 1784
263193 1785
216320 1786
74854 1787
30940 1788
23206 1789
300665 1790
930733 1791
47771 1792
98161 1793
580014 1794
719421 1795
482945 1796
883094 1797
543982 1798
8515 1799
338275 1800
648265 1801
157912 1802
49531 1803
309099 1804
311623 1805
680330 1806
987325 1807
905880 1808
933481 1809
277235 1810
704831 1811
842206 1812
41675 1813
275996 1814
182537 1815
946998 1816
67228 1817
638853 1818
703433 1819
180882 1820
416617 1821
35478 1822
159134 1823
211552 1824
819706 1825
243286 1826
813249 1827
185167 1828
68405 1829
968885 1830
145115 1831
287594 1832
635424 1833
972008 1834
892079 1835
467294 1836
380015 1837
116872 1838
263011 1839
739191 1840
387502 1841
989280 1842
410488 1843
400919 1844
823449 1845
80014 1846
943226 1847
850933 1848
334011 1849
443346 1850
357700 1851
380114 1852
167124 1853
64057 1854
155517 1855
15888 1856
442263 1857
219794 1858
154624 1859
17407 1860
984718 1861
717773 1862
601652 1863
546584 1864
525931 1865
890274 1866
29664 1867
774397 1868
510086 1869
427759 1870
502581 1871
526072 1872
198709 1873
931375 1874
310075 1875
985738 1876
897727 1877
786732 1878
444765 1879
1004263 1880
569237 1881
832820 1882
376845 1883
334065 1884
555047 1885
952130 1886
958315 1887
479173 1888
636443 1889
412443 1890
829756 1891
64444 1892
609413 1893
8514 1894
105468 1895
619371 1896
195411 1897
99822 1898
622391 1899
40528 1900
782996 1901
144156 1902
637125 1903
227538 1904
513918 1905
783932 1906
928225 1907
936694 1908
474059 1909
1001044 1910
404872 1911
737482 1912
708005 1913
310318 1914
486458 1915
906301 1916
329954 1917
802892 1918
916630 1919
49619 1920
831532 1921
736900 1922
228382 1923
198687 1924
914958 1925
451328 1926
1004881 1927
517339 1928
503380 1929
95501 1930
837676 1931
10469 1932
356942 1933
383588 1934
305799 1935
238096 1936
959180 1937
608463 1938
1011617 1939
1009501 1940
190463 1941
497141 1942
342402 1943
268680 1944
199152 1945
771573 1946
681083 1947
931669 1948
160067 1949
916739 1950
644150 1951
645144 1952
302908 1953
217586 1954
21914 1955
367469 1956
344671 1957
725062 1958
941764 1959
702814 1960
734950 1961
75047 1962
189861 1963
402616 1964
541804 1965
289953 1966
345849 1967
708731 1968
879877 1969
192860 1970
10177 1971
886805 1972
21290 1973
623729 1974
627425 1975
780825 1976
469637 1977
537150 1978
543554 1979
68457 1980
814286 1981
603673 1982
252352 1983
115555 1984
876790 1985
949535 1986
266059 1987
92756 1988
954300 1989
647757 1990
70778 1991
1004745 1992
741687 1993
173433 1994
21427 1995
720278 1996
490831 1997
741843 1998
411682 1999
610906 2000
444195 2001
275643 2002
622871 2003
758771 2004
780888 2005
695280 2006
598464 2007
833072 2008
579190 2009
608941 2010
871831 2011
632292 2012
998769 2013
372393 2014
899094 2015
730163 2016
351059 2017
685324 2018
332922 2019
812715 2020
920279 2021
853638 2022
213454 2023
37926 2024
301520 2025
708280 2026
921156 2027
727221 2028
77221 2029
945108 2030
599444 2031
393648 2032
798457 2033
965232 2034
726759 2035
113973 2036
814199 2037
46081 2038
449705 2039
263621 2040
510033 2041
536461 2042
210860 2043
276706 2044
598842 2045
358234 2046
775358 2047
710603 2048
596442 2049
726461 2050
419508 2051
61067 2052
700604 2053
180752 2054
192794 2055
569331 2056
752488 2057
381897 2058
844471 2059
109859 2060
1001289 2061
641564 2062
673269 2063
345358 2064
430647 2065
730724 2066
147829 2067
248582 2068
238237 2069
212060 2070
787449 2071
65518 2072
833200 2073
938611 2074
91209 2075
45258 2076
896295 2077
550247 2078
800361 2079
430349 2080
825338 2081
945234 2082
107751 2083
687635 2084
665327 2085
831184 2086
612203 2087
741798 2088
277924 2089
774539 2090
724566 2091
20288 2092
170366 2093
472117 2094
570215 2095
666375 2096
882098 2097
129167 2098
30796 2099
16623 2100
14360 2101
731979 2102
777858 2103
107077 2104
553527 2105
376878 2106
836720 2107
65281 2108
338205 2109
291195 2110
619895 2111
122226 2112
460433 2113
956337 2114
469515 2115
178291 2116
553098 2117
775843 2118
911925 2119
553870 2120
483083 2121
332714 2122
56037 2123
925823 2124
399048 2125
289474 2126
801575 2127
142614 2128
728647 2129
268716 2130
585787 2131
110277 2132
229671 2133
890701 2134
953334 2135
533826 2136
910001 2137
662805 2138
823583 2139
145134 2140
874239 2141
542028 2142
102953 2143
594984 2144
131885 2145
470016 2146
358118 2147
410282 2148
619407 2149
93788 2150
1003022 2151
969439 2152
382192 2153
516541 2154
107932 2155
77626 2156
756644 2157
561010 2158
941386 2159
276483 2160
809804 2161
483813 2162
672641 2163
836242 2164
875169 2165
955114 2166
523419 2167
816703 2168
771358 2169
956008 2170
105941 2171
103840 2172
58967 2173
750243 2174
935296 2175
89523 2176
358749 2177
406214 2178
958661 2179
454222 2180
225031 2181
608116 2182
1003849 2183
205579 2184
941149 2185
243387 2186
679555 2187
209922 2188
546754 2189
961770 2190
265246 2191
549987 2192
265860 2193
956369 2194
625152 2195
195039 2196
936197 2197
1010885 2198
1016625 2199
269209 2200
762227 2201
134545 2202
34371 2203
318071 2204
902715 2205
973005 2206
641308 2207
80309 2208
855243 2209
132343 2210
92177 2211
448379 2212
774012 2213
367261 2214
289323 2215
739583 2216
661567 2217
673854 2218
758279 2219
30953 2220
872787 2221
642884 2222
749218 2223
709211 2224
277069 2225
181620 2226
4564 2227
949429 2228
468079 2229
943166 2230
898067 2231
824561 2232
121847 2233
153012 2234
121874 2235
577551 2236
911097 2237
984632 2238
863780 2239
662316 2240
538558 2241
148004 2242
621072 2243
834002 2244
390960 2245
798835 2246
447219 2247
611242 2248
89145 2249
158114 2250
343823 2251
460076 2252
72929 2253
419616 2254
379523 2255
156333 2256
723088 2257
78030 2258
627644 2259
58593 2260
869037 2261
36073 2262
593022 2263
873843 2264
220127 2265
856432 2266
664396 2267
356297 2268
965883 2269
964268 2270
571073 2271
172342 2272
347819 2273
900581 2274
631415 2275
62888 2276
617540 2277
388972 2278
135092 2279
253452 2280
411127 2281
93516 2282
35617 2283
663383 2284
952280 2285
815629 2286
247439 2287
763958 2288
284895 2289
963517 2290
212123 2291
936774 2292
623790 2293
787300 2294
935812 2295
268469 2296
763759 2297
476392 2298
148233 2299
672625 2300
1001408 2301
497607 2302
918250 2303
902437 2304
522109 2305
792588 2306
190568 2307
729059 2308
983476 2309
820031 2310
927721 2311
185994 2312
751719 2313
156998 2314
42647 2315
430545 2316
896624 2317
380673 2318
871974 2319
845983 2320
461667 2321
234506 2322
105257 2323
99737 2324
417551 2325
507808 2326
361753 2327
275810 2328
543434 2329
265363 2330
808244 2331
37990 2332
488544 2333
971558 2334
437053 2335
564668 2336
989433 2337
898963 2338
937824 2339
687250 2340
284374 2341
121927 2342
280384 2343
182768 2344
453615 2345
767730 2346
97344 2347
637535 2348
210467 2349
71651 2350
892183 2351
263296 2352
768513 2353
93109 2354
423470 2355
173117 2356
788635 2357
66487 2358
596984 2359
758401 2360
491350 2361
560214 2362
425493 2363
313880 2364
577387 2365
45639 2366
757946 2367
904317 2368
433505 2369
232233 2370
772643 2371
231473 2372
774570 2373
368944 2374
982396 2375
512416 2376
55750 2377
291801 2378
462603 2379
786262 2380
973224 2381
432087 2382
731172 2383
972673 2384
86062 2385
923644 2386
755134 2387
251285 2388
510645 2389
443096 2390
960288 2391
563414 2392
645474 2393
772422 2394
490902 2395
717687 2396
354165 2397
1004706 2398
917019 2399
567845 2400
102742 2401
735593 2402
648367 2403
564064 2404
529489 2405
603321 2406
184548 2407
710241 2408
568395 2409
958861 2410
316310 2411
888921 2412
719763 2413
849164 2414
80997 2415
498663 2416
580092 2417
683903 2418
980034 2419
566545 2420
628069 2421
521783 2422
870836 2423
458956 2424
855023 2425
167733 2426
515009 2427
480537 2428
938837 2429
516891 2430
601556 2431
208224 2432
864687 2433
788447 2434
667546 2435
709906 2436
534937 2437
214643 2438
578516 2439
882713 2440
593255 2441
650528 2442
503821 2443
466569 2444
741402 2445
631527 2446
736612 2447
363595 2448
840004 2449
654455 2450
783277 2451
742313 2452
404745 2453
851573 2454
10899 2455
485058 2456
546985 2457
962528 2458
603737 2459
24351 2460
744745 2461
961410 2462
864708 2463
698716 2464
759736 2465
745229 2466
430183 2467
786459 2468
754827 2469
191495 2470
196724 2471
414856 2472
550169 2473
660757 2474
847906 2475
280564 2476
866945 2477
170300 2478
292631 2479
60300 2480
69827 2481
605661 2482
278768 2483
180868 2484
909818 2485
690633 2486
670130 2487
945067 2488
684307 2489
361350 2490
255149 2491
974245 2492
526289 2493
121764 2494
768813 2495
981873 2496
744585 2497
147273 2498
444397 2499
69173 2500
306197 2501
83569 2502
860764 2503
993298 2504
525284 2505
119159 2506
42256 2507
758770 2508
992766 2509
302120 2510
651405 2511
101754 2512
57513 2513
638625 2514
369810 2515
508994 2516
111642 2517
661949 2518
664923 2519
24678 2520
204646 2521
69888 2522
51104 2523
431663 2524
330420 2525
302860 2526
957429 2527
118250 2528
258840 2529
971098 2530
807757 2531
35735 2532
186621 2533
864283 2534
684289 2535
702457 2536
260291 2537
898306 2538
865664 2539
112866 2540
7149 2541
558385 2542
175134 2543
255052 2544
67540 2545
339658 2546
671110 2547
393951 2548
990623 2549
874073 2550
993732 2551
675477 2552
736413 2553
18711 2554
699387 2555
842779 2556
55927 2557
421176 2558
493345 2559
202140 2560
172418 2561
914194 2562
467437 2563
46380 2564
753472 2565
611833 2566
526751 2567
29264 2568
984743 2569
273147 2570
700047 2571
563753 2572
459370 2573
778115 2574
335134 2575
873502 2576
999193 2577
985153 2578
277631 2579
446214 2580
357958 2581
99581 2582
975309 2583
810066 2584
875927 2585
174679 2586
427242 2587
22198 2588
23693 2589
719941 2590
758997 2591
226451 2592
903722 2593
603766 2594
659822 2595
17198 2596
55205 2597
494591 2598
224054 2599
666299 2600
231790 2601
440868 2602
391781 2603
764716 2604
573393 2605
164348 2606
271567 2607
325995 2608
958037 2609
201815 2610
510358 2611
172191 2612
458802 2613
42026 2614
417613 2615
435729 2616
466498 2617
578931 2618
509247 2619
752967 2620
983441 2621
3552 2622
560261 2623
696655 2624
254017 2625
603776 2626
106049 2627
12897 2628
356131 2629
937902 2630
371666 2631
575730 2632
368363 2633
14859 2634
494365 2635
55220 2636
483489 2637
303325 2638
406052 2639
559568 2640
121877 2641
522155 2642
405399 2643
1003039 2644
280553 2645
729129 2646
975546 2647
217867 2648
454624 2649
350941 2650
508238 2651
128239 2652
186856 2653
658145 2654
522614 2655
115153 2656
65355 2657
121800 2658
360312 2659
594513 2660
39627 2661
410105 2662
392727 2663
617975 2664
960462 2665
617145 2666
43548 2667
341269 2668
386332 2669
553717 2670
580806 2671
868162 2672
264086 2673
474218 2674
790844 2675
879597 2676
434326 2677
961704 2678
987373 2679
838626 2680
378357 2681
683704 2682
177705 2683
736463 2684
533625 2685
549813 2686
695566 2687
327796 2688
737730 2689
472724 2690
719744 2691
162342 2692
398647 2693
325711 2694
53433 2695
269700 2696
347066 2697
737539 2698
463733 2699
113479 2700
807173 2701
947681 2702
593061 2703
497950 2704
88682 2705
338468 2706
967960 2707
911754 2708
733299 2709
931866 2710
210850 2711
260442 2712
431905 2713
935111 2714
582375 2715
782170 2716
705068 2717
1011987 2718
530326 2719
867167 2720
407288 2721
664044 2722
905270 2723
382143 2724
415778 2725
337132 2726
447558 2727
85950 2728
756404 2729
495503 2730
766976 2731
277545 2732
183634 2733
506335 2734
175533 2735
881827 2736
128894 2737
766899 2738
732651 2739
922502 2740
204444 2741
141685 2742
567918 2743
690033 2744
77845 2745
216689 2746
815269 2747
573021 2748
55660 2749
384114 2750
338598 2751
287277 2752
518936 2753
379025 2754
684875 2755
99164 2756
685650 2757
851634 2758
1001545 2759
371793 2760
120378 2761
252831 2762
16838 2763
330846 2764
749705 2765
775905 2766
728203 2767
262102 2768
1016912 2769
990361 2770
304764 2771
216266 2772
584195 2773
885702 2774
202581 2775
602964 2776
535449 2777
89689 2778
867900 2779
448325 2780
284940 2781
271928 2782
556607 2783
928128 2784
259788 2785
100140 2786
332665 2787
166227 2788
762363 2789
564842 2790
753425 2791
479104 2792
514874 2793
279674 2794
555696 2795
64496 2796
454194 2797
1017281 2798
822477 2799
867712 2800
820960 2801
213786 2802
772130 2803
863269 2804
841034 2805
1007941 2806
725843 2807
232611 2808
237743 2809
508011 2810
269300 2811
507340 2812
787500 2813
5236 2814
226861 2815
966936 2816
414311 2817
262905 2818
778667 2819
337305 2820
2094 2821
805322 2822
155140 2823
26053 2824
353621 2825
635762 2826
878928 2827
751554 2828
249483 2829
230835 2830
369811 2831
225827 2832
651638 2833
801468 2834
885045 2835
98037 2836
895522 2837
95247 2838
880600 2839
246481 2840
975272 2841
291308 2842
24266 2843
996738 2844
588470 2845
102477 2846
44004 2847
940458 2848
303779 2849
579931 2850
925941 2851
916260 2852
477311 2853
532890 2854
751669 2855
453159 2856
188128 2857
508850 2858
446061 2859
46806 2860
963704 2861
821367 2862
837732 2863
137817 2864
438532 2865
288653 2866
408207 2867
733844 2868
976695 2869
945173 2870
994564 2871
675541 2872
847587 2873
365970 2874
138244 2875
263700 2876
705854 2877
690736 2878
434412 2879
9680 2880
722064 2881
285766 2882
255313 2883
965264 2884
605520 2885
583428 2886
60554 2887
952846 2888
869449 2889
178626 2890
721894 2891
590641 2892
613556 2893
60039 2894
376809 2895
882683 2896
342102 2897
552142 2898
983284 2899
175623 2900
555707 2901
552295 2902
682241 2903
158261 2904
222652 2905
694189 2906
472387 2907
626969 2908
625496 2909
100434 2910
450123 2911
66812 2912
1008600 2913
228746 2914
934378 2915
950571 2916
932214 2917
946017 2918
631260 2919
433280 2920
944510 2921
368956 2922
176837 2923
16137 2924
265733 2925
175768 2926
413122 2927
909685 2928
108790 2929
913350 2930
686293 2931
291644 2932
452088 2933
520623 2934
797605 2935
333815 2936
865476 2937
486062 2938
164825 2939
197570 2940
619712 2941
978078 2942
21741 2943
962979 2944
946028 2945
334427 2946
295737 2947
715863 2948
853222 2949
291176 2950
688874 2951
481440 2952
952562 2953
709129 2954
896471 2955
278822 2956
900183 2957
595491 2958
645956 2959
585764 2960
631250 2961
759089 2962
876006 2963
39160 2964
569329 2965
775172 2966
8211 2967
174244 2968
458679 2969
218495 2970
106061 2971
999395 2972
53241 2973
552587 2974
374157 2975
944629 2976
305170 2977
1001419 2978
229789 2979
360608 2980
846368 2981
874135 2982
45726 2983
41429 2984
367047 2985
979545 2986
574331 2987
88824 2988
444250 2989
353224 2990
1003412 2991
602034 2992
965245 2993
181879 2994
16208 2995
718259 2996
63183 2997
535962 2998
353938 2999
814576 3000
536322 3001
684028 3002
89192 3003
942248 3004
141103 3005
345895 3006
520149 3007
119282 3008
580802 3009
112597 3010
505305 3011
852836 3012
706309 3013
951160 3014
238955 3015
339078 3016
508070 3017
875418 3018
529669 3019
159246 3020
790464 3021
439008 3022
329882 3023
757388 3024
886285 3025
534226 3026
278826 3027
607749 3028
203728 3029
358948 3030
472420 3031
490993 3032
140853 3033
754299 3034
466055 3035
791644 3036
438904 3037
61443 3038
298936 3039
387541 3040
943615 3041
288470 3042
536269 3043
6645 3044
436622 3045
1001776 3046
32229 3047
108687 3048
531952 3049
437582 3050
750277 3051
900198 3052
463344 3053
867716 3054
556711 3055
851152 3056
24714 3057
672551 3058
101130 3059
145534 3060
187620 3061
997974 3062
410629 3063
608776 3064
608189 3065
341705 3066
43827 3067
12107 3068
139906 3069
285617 3070
946516 3071
20573 3072
247143 3073
510421 3074
449748 3075
540651 3076
875687 3077
486700 3078
460066 3079
539507 3080
267594 3081
160820 3082
70417 3083
234304 3084
871949 3085
957812 3086
570931 3087
928357 3088
834842 3089
123947 3090
25355 3091
987496 3092
729434 3093
169172 3094
805804 3095
805032 3096
143316 3097
420772 3098
262245 3099
861445 3100
604316 3101
779727 3102
149475 3103
400569 3104
498603 3105
715488 3106
242393 3107
461973 3108
16264 3109
153925 3110
109498 3111
677524 3112
243932 3113
271241 3114
332979 3115
793484 3116
828644 3117
186357 3118
1008774 3119
941844 3120
723404 3121
666848 3122
358304 3123
586412 3124
40022 3125
168417 3126
54963 3127
984266 3128
672592 3129
379974 3130
377469 3131
534920 3132
670471 3133
247612 3134
335299 3135
4152 3136
129622 3137
559100 3138
380263 3139
879691 3140
563002 3141
560008 3142
803411 3143
588045 3144
128463 3145
68868 3146
561068 3147
565883 3148
40501 3149
1010026 3150
52321 3151
267537 3152
160148 3153
781180 3154
183000 3155
1007071 3156
735254 3157
299600 3158
267908 3159
668158 3160
93768 3161
285907 3162
189603 3163
157214 3164
1017071 3165
805448 3166
450062 3167
865701 3168
128303 3169
307986 3170
24342 3171
651558 3172
375377 3173
183206 3174
281707 3175
145626 3176
48831 3177
459605 3178
412799 3179
393610 3180
252964 3181
519025 3182
18481 3183
333470 3184
224102 3185
190802 3186
389018 3187
413677 3188
667464 3189
950427 3190
144106 3191
547826 3192
585433 3193
747717 3194
328771 3195
307391 3196
748283 3197
395904 3198
888678 3199
533876 3200
760835 3201
219419 3202
718200 3203
722573 3204
323161 3205
138167 3206
589121 3207
529711 3208
360594 3209
68033 3210
379948 3211
231457 3212
727100 3213
868795 3214
281308 3215
799934 3216
599456 3217
487704 3218
407214 3219
316696 3220
195754 3221
483306 3222
372544 3223
200007 3224
405810 3225
417226 3226
713545 3227
356350 3228
419863 3229
199352 3230
456361 3231
71022 3232
137268 3233
489233 3234
36998 3235
641496 3236
969047 3237
614601 3238
192310 3239
314925 3240
219726 3241
201070 3242
860283 3243
647717 3244
251338 3245
689097 3246
782703 3247
159383 3248
895868 3249
653116 3250
902314 3251
946121 3252
32840 3253
583781 3254
300550 3255
916392 3256
249102 3257
888948 3258
218026 3259
692552 3260
192008 3261
717251 3262
939028 3263
864991 3264
430679 3265
184802 3266
67863 3267
688561 3268
294781 3269
601348 3270
675949 3271
215872 3272
254961 3273
434302 3274
366591 3275
942182 3276
307647 3277
758542 3278
401918 3279
864950 3280
982679 3281
1000417 3282
797477 3283
699440 3284
625741 3285
308186 3286
379090 3287
159136 3288
785990 3289
539447 3290
203548 3291
859960 3292
263139 3293
526144 3294
87389 3295
620134 3296
1004879 3297
317108 3298
862249 3299
452426 3300
885498 3301
856806 3302
273392 3303
832228 3304
566911 3305
985480 3306
427429 3307
962751 3308
12575 3309
753525 3310
190603 3311
850146 3312
50676 3313
697297 3314
89328 3315
996574 3316
564843 3317
624721 3318
451459 3319
517029 3320
234316 3321
503461 3322
472425 3323
561266 3324
655606 3325
315272 3326
59951 3327
723098 3328
776843 3329
223558 3330
860002 3331
50387 3332
305204 3333
816848 3334
529478 3335
964408 3336
118202 3337
994133 3338
132014 3339
635445 3340
808065 3341
192576 3342
326275 3343
15111 3344
919427 3345
399393 3346
324757 3347
970695 3348
758996 3349
415643 3350
126912 3351
359196 3352
531180 3353
835432 3354
402108 3355
516928 3356
987595 3357
444380 3358
718593 3359
837132 3360
760634 3361
154988 3362
726358 3363
386940 3364
231930 3365
722646 3366
361481 3367
438639 3368
393923 3369
358892 3370
936918 3371
670985 3372
271309 3373
810919 3374
446079 3375
132529 3376
653250 3377
588669 3378
195384 3379
954729 3380
652751 3381
489585 3382
566311 3383
141510 3384
920710 3385
278774 3386
289382 3387
183273 3388
470005 3389
597021 3390
859275 3391
486585 3392
232313 3393
971803 3394
550460 3395
873027 3396
198242 3397
639945 3398
301770 3399
373843 3400
644924 3401
76340 3402
410064 3403
434114 3404
142821 3405
831582 3406
789689 3407
393772 3408
112172 3409
567408 3410
784305 3411
636317 3412
598914 3413
917433 3414
1011739 3415
14665 3416
351839 3417
341373 3418
836205 3419
724673 3420
539407 3421
48519 3422
265652 3423
992908 3424
248589 3425
970237 3426
347596 3427
363818 3428
448029 3429
410617 3430
455418 3431
447566 3432
866515 3433
304803 3434
769814 3435
163016 3436
404856 3437
980100 3438
964635 3439
209068 3440
131856 3441
336238 3442
963825 3443
17666 3444
448510 3445
47680 3446
531239 3447
682591 3448
451038 3449
496554 3450
665278 3451
683026 3452
856785 3453
834592 3454
115403 3455
68750 3456
6005 3457
642751 3458
278192 3459
719867 3460
283916 3461
605536 3462
707546 3463
306041 3464
350835 3465
652723 3466
699285 3467
602441 3468
115262 3469
522582 3470
957102 3471
62376 3472
524901 3473
703019 3474
972527 3475
695177 3476
537035 3477
309277 3478
87038 3479
757556 3480
940890 3481
960922 3482
85591 3483
393100 3484
800352 3485
104900 3486
571399 3487
313661 3488
852622 3489
402403 3490
522615 3491
373444 3492
234056 3493
354242 3494
25499 3495
474176 3496
524199 3497
407098 3498
362686 3499
356478 3500
214739 3501
148634 3502
615307 3503
193165 3504
76394 3505
393266 3506
302978 3507
446217 3508
676331 3509
344993 3510
170592 3511
188012 3512
466748 3513
157082 3514
178190 3515
410340 3516
27584 3517
541682 3518
686897 3519
335776 3520
290290 3521
427941 3522
413064 3523
100624 3524
85185 3525
399937 3526
437678 3527
115809 3528
579047 3529
378986 3530
196388 3531
741450 3532
271889 3533
486260 3534
549099 3535
643496 3536
857779 3537
286142 3538
424718 3539
535371 3540
207710 3541
999527 3542
192483 3543
369695 3544
762602 3545
434418 3546
258851 3547
886957 3548
424182 3549
220813 3550
576845 3551
61548 3552
551554 3553
765730 3554
193929 3555
170104 3556
503889 3557
403708 3558
70603 3559
254998 3560
535 3561
447714 3562
256493 3563
200298 3564
696539 3565
425499 3566
851874 3567
225287 3568
19672 3569
983784 3570
245531 3571
265228 3572
880594 3573
9112 3574
851783 3575
944467 3576
527327 3577
695771 3578
556505 3579
601558 3580
334233 3581
920043 3582
621419 3583
940837 3584
893147 3585
735442 3586
632084 3587
913440 3588
817116 3589
871150 3590
594665 3591
256590 3592
987841 3593
385274 3594
678431 3595
58904 3596
252255 3597
160168 3598
443138 3599
70598 3600
430882 3601
791897 3602
493160 3603
756688 3604
367594 3605
836108 3606
897058 3607
513725 3608
525576 3609
936724 3610
991536 3611
310969 3612
141552 3613
358243 3614
130603 3615
63020 3616
95321 3617
51801 3618
266922 3619
506415 3620
844101 3621
209100 3622
233205 3623
585542 3624
681020 3625
491120 3626
947075 3627
310498 3628
236384 3629
533687 3630
1012453 3631
356692 3632
404619 3633
25021 3634
1004635 3635
895611 3636
194779 3637
67427 3638
344836 3639
182110 3640
230119 3641
11922 3642
138462 3643
909052 3644
106080 3645
857284 3646
842330 3647
139230 3648
291611 3649
951611 3650
125011 3651
433903 3652
417632 3653
647573 3654
924664 3655
851312 3656
721374 3657
72108 3658
666356 3659
398740 3660
433367 3661
17235 3662
661349 3663
104315 3664
308410 3665
115148 3666
25268 3667
750693 3668
429982 3669
873834 3670
649774 3671
188216 3672
116462 3673
154015 3674
548730 3675
581355 3676
633136 3677
629737 3678
474742 3679
930194 3680
1014324 3681
77071 3682
91695 3683
642025 3684
990206 3685
100392 3686
433442 3687
749328 3688
520473 3689
489780 3690
263924 3691
863743 3692
344542 3693
160265 3694
771562 3695
671954 3696
619531 3697
197805 3698
272821 3699
907996 3700
155885 3701
618325 3702
308522 3703
457107 3704
322738 3705
826500 3706
823910 3707
323506 3708
828007 3709
127846 3710
468916 3711
865223 3712
619230 3713
812631 3714
302529 3715
634832 3716
943565 3717
379387 3718
162137 3719
272122 3720
53637 3721
127015 3722
955193 3723
456999 3724
615609 3725
849784 3726
502328 3727
553194 3728
187206 3729
856591 3730
522554 3731
733091 3732
911306 3733
670474 3734
984984 3735
583946 3736
749885 3737
957473 3738
720321 3739
267822 3740
21689 3741
942580 3742
770837 3743
779547 3744
985368 3745
18535 3746
164100 3747
975600 3748
809843 3749
121634 3750
809779 3751
719742 3752
721085 3753
123755 3754
898096 3755
904775 3756
511424 3757
458419 3758
535160 3759
227555 3760
381852 3761
740854 3762
87385 3763
442936 3764
618778 3765
172915 3766
754682 3767
1001199 3768
726344 3769
670422 3770
904606 3771
245357 3772
605514 3773
964381 3774
764914 3775
620374 3776
889065 3777
124045 3778
310052 3779
745012 3780
625221 3781
147736 3782
738876 3783
373760 3784
363025 3785
836765 3786
654214 3787
296945 3788
164740 3789
976784 3790
48197 3791
159972 3792
921951 3793
1006699 3794
931936 3795
297596 3796
54713 3797
626690 3798
56522 3799
862667 3800
379803 3801
312781 3802
285712 3803
700976 3804
941133 3805
791329 3806
26324 3807
107308 3808
641489 3809
406085 3810
767446 3811
322583 3812
771364 3813
534506 3814
159436 3815
723159 3816
791025 3817
420059 3818
968905 3819
766651 3820
427256 3821
460876 3822
646400 3823
805885 3824
390372 3825
173378 3826
153711 3827
462798 3828
654951 3829
89195 3830
886540 3831
394440 3832
619463 3833
231500 3834
690034 3835
982898 3836
166098 3837
992040 3838
1007045 3839
823241 3840
927716 3841
572580 3842
333708 3843
432563 3844
106429 3845
15802 3846
571450 3847
262957 3848
801038 3849
806405 3850
365904 3851
830269 3852
574642 3853
252 3854
829300 3855
638462 3856
341921 3857
947747 3858
258026 3859
163521 3860
477926 3861
34960 3862
547413 3863
511301 3864
1008993 3865
1017957 3866
739674 3867
334051 3868
960412 3869
803443 3870
940638 3871
106760 3872
748979 3873
540905 3874
777104 3875
793003 3876
231379 3877
402356 3878
552546 3879
881690 3880
530323 3881
377091 3882
90885 3883
356863 3884
578342 3885
64635 3886
196169 3887
336189 3888
148917 3889
987310 3890
894569 3891
16365 3892
152388 3893
8007 3894
268499 3895
604301 3896
199293 3897
826396 3898
784325 3899
368216 3900
183928 3901
1001807 3902
737602 3903
558975 3904
818012 3905
723408 3906
361559 3907
373889 3908
903820 3909
493201 3910
77604 3911
991897 3912
368666 3913
766688 3914
284764 3915
229170 3916
79889 3917
334396 3918
643305 3919
850838 3920
42664 3921
793287 3922
649363 3923
65164 3924
242042 3925
194663 3926
467355 3927
181870 3928
17519 3929
183538 3930
864677 3931
557158 3932
266680 3933
157224 3934
622006 3935
844464 3936
101724 3937
309371 3938
561640 3939
384633 3940
307627 3941
948515 3942
182109 3943
552200 3944
325525 3945
373257 3946
276182 3947
571028 3948
646334 3949
116523 3950
6749 3951
32095 3952
563876 3953
368755 3954
350518 3955
789336 3956
815028 3957
305300 3958
959745 3959
305422 3960
782311 3961
682924 3962
578111 3963
483376 3964
838805 3965
652296 3966
200819 3967
708958 3968
645341 3969
433060 3970
997034 3971
939287 3972
956745 3973
308465 3974
340835 3975
333512 3976
820136 3977
103141 3978
163411 3979
463051 3980
412015 3981
713290 3982
11671 3983
1006674 3984
593914 3985
37569 3986
167210 3987
811549 3988
229524 3989
20229 3990
190681 3991
161327 3992
997446 3993
85694 3994
91240 3995
137317 3996
277865 3997
201949 3998
250534 3999
357174 4000
715353 4001
386583 4002
820008 4003
902090 4004
242498 4005
763765 4006
689937 4007
688964 4008
547281 4009
559282 4010
201215 4011
506708 4012
856329 4013
435618 4014
174141 4015
176037 4016
815016 4017
674348 4018
494917 4019
526423 4020
605701 4021
908170 4022
178456 4023
244014 4024
280081 4025
933087 4026
301156 4027
251649 4028
257335 4029
590473 4030
464758 4031
620653 4032
978886 4033
808720 4034
593815 4035
223254 4036
138028 4037
429924 4038
781489 4039
371058 4040
381466 4041
417764 4042
262105 4043
939042 4044
984412 4045
547460 4046
906184 4047
157922 4048
423036 4049
171556 4050
343237 4051
487878 4052
807075 4053
472552 4054
475259 4055
125235 4056
157376 4057
657698 4058
433645 4059
161233 4060
830850 4061
959292 4062
250839 4063
581069 4064
927742 4065
803538 4066
481944 4067
717238 4068
257562 4069
949596 4070
669803 4071
299604 4072
946192 4073
164293 4074
99558 4075
258524 4076
956973 4077
151545 4078
419854 4079
643156 4080
934421 4081
554745 4082
254699 4083
251244 4084
282031 4085
144356 4086
547388 4087
728227 4088
635681 4089
969719 4090
175969 4091
811312 4092
362846 4093
1015754 4094
565009 4095
505489 4096
493166 4097
14161 4098
773328 4099
410615 4100
258290 4101
303991 4102
845737 4103
192152 4104
265891 4105
923748 4106
1007930 4107
576592 4108
363003 4109
953359 4110
386138 4111
197765 4112
966363 4113
773706 4114
256773 4115
153283 4116
829624 4117
835829 4118
728606 4119
90615 4120
68602 4121
53981 4122
817538 4123
272543 4124
368575 4125
676702 4126
945926 4127
289563 4128
314961 4129
121789 4130
791566 4131
451937 4132
714733 4133
1000656 4134
187197 4135
488627 4136
625049 4137
564869 4138
547549 4139
740912 4140
210152 4141
887836 4142
438459 4143
112180 4144
834915 4145
913639 4146
641903 4147
282287 4148
300032 4149
790208 4150
629796 4151
133632 4152
510040 4153
942449 4154
17247 4155
174855 4156
610324 4157
145109 4158
275024 4159
542296 4160
369234 4161
482156 4162
981905 4163
760910 4164
612053 4165
809632 4166
841451 4167
626452 4168
812092 4169
569392 4170
647199 4171
187323 4172
656839 4173
1017798 4174
134969 4175
688932 4176
527814 4177
602585 4178
883157 4179
773365 4180
417641 4181
748507 4182
109918 4183
610548 4184
612505 4185
189377 4186
36397 4187
152287 4188
442574 4189
474241 4190
973192 4191
652095 4192
203665 4193
715402 4194
680383 4195
992606 4196
211226 4197
61396 4198
710087 4199
596061 4200
388040 4201
166258 4202
1004835 4203
715634 4204
610509 4205
738487 4206
101381 4207
241769 4208
532068 4209
985442 4210
100136 4211
980681 4212
998327 4213
836470 4214
188303 4215
5711 4216
815917 4217
924024 4218
991480 4219
468436 4220
525305 4221
11095 4222
89892 4223
320598 4224
461615 4225
27970 4226
858243 4227
463846 4228
470001 4229
550244 4230
382411 4231
146551 4232
581720 4233
831756 4234
928081 4235
669502 4236
923006 4237
524075 4238
252841 4239
868310 4240
285739 4241
105963 4242
750272 4243
396626 4244
315397 4245
434471 4246
987216 4247
751664 4248
991193 4249
371167 4250
1005011 4251
945221 4252
447382 4253
231868 4254
965579 4255
591078 4256
707199 4257
396361 4258
30934 4259
831377 4260
590976 4261
536633 4262
470 4263
203172 4264
503414 4265
381748 4266
856923 4267
334672 4268
553490 4269
658757 4270
430869 4271
300648 4272
935474 4273
134656 4274
876183 4275
291508 4276
107964 4277
353497 4278
459987 4279
332799 4280
225478 4281
843929 4282
43277 4283
454188 4284
123573 4285
840423 4286
773130 4287
23345 4288
19050 4289
156987 4290
444303 4291
209229 4292
633502 4293
873370 4294
377885 4295
910508 4296
15815 4297
495499 4298
233614 4299
93260 4300
220163 4301
113822 4302
76498 4303
323195 4304
381085 4305
55615 4306
807560 4307
655342 4308
197831 4309
1012207 4310
263581 4311
411353 4312
7214 4313
778352 4314
337130 4315
204143 4316
618163 4317
989591 4318
1010035 4319
34120 4320
608207 4321
914080 4322
393180 4323
115698 4324
544687 4325
818717 4326
184240 4327
282215 4328
807938 4329
418096 4330
1002930 4331
522113 4332
497063 4333
248684 4334
95458 4335
27111 4336
289879 4337
76104 4338
425258 4339
876402 4340
385354 4341
110641 4342
587630 4343
785192 4344
692896 4345
508743 4346
957888 4347
403843 4348
401171 4349
870184 4350
192373 4351
116144 4352
214575 4353
906532 4354
377666 4355
526474 4356
745292 4357
679263 4358
291119 4359
425664 4360
104700 4361
807228 4362
482759 4363
611225 4364
328674 4365
855370 4366
860759 4367
810900 4368
273452 4369
175384 4370
512708 4371
343429 4372
735639 4373
166316 4374
208477 4375
968738 4376
38566 4377
707536 4378
896929 4379
502416 4380
869650 4381
340808 4382
44990 4383
337124 4384
450619 4385
825770 4386
193471 4387
883990 4388
317708 4389
182658 4390
267725 4391
275719 4392
574433 4393
100348 4394
448850 4395
134056 4396
475744 4397
981295 4398
32232 4399
282537 4400
288271 4401
559157 4402
293529 4403
239906 4404
449357 4405
889450 4406
367174 4407
584875 4408
884157 4409
758072 4410
796379 4411
970653 4412
678576 4413
335392 4414
152093 4415
834051 4416
377305 4417
59687 4418
195919 4419
680370 4420
875043 4421
16692 4422
545199 4423
513182 4424
74012 4425
984045 4426
35739 4427
1005253 4428
384438 4429
1015545 4430
174460 4431
836986 4432
301696 4433
780237 4434
686867 4435
708110 4436
526836 4437
964757 4438
661378 4439
213929 4440
641475 4441
863253 4442
756148 4443
415437 4444
255828 4445
67763 4446
260427 4447
610136 4448
544662 4449
994485 4450
896252 4451
123467 4452
26599 4453
783334 4454
977653 4455
39762 4456
243419 4457
531127 4458
976651 4459
247918 4460
125819 4461
549186 4462
424187 4463
418712 4464
29013 4465
658633 4466
420028 4467
903515 4468
875518 4469
999078 4470
389819 4471
372518 4472
543924 4473
185024 4474
47944 4475
593480 4476
88317 4477
579770 4478
530921 4479
730944 4480
199506 4481
154560 4482
128390 4483
590623 4484
651113 4485
46743 4486
908805 4487
307055 4488
267981 4489
153306 4490
456754 4491
388907 4492
648402 4493
874022 4494
107078 4495
424489 4496
813066 4497
325586 4498
1011521 4499
419732 4500
270529 4501
517097 4502
74648 4503
815236 4504
576794 4505
270551 4506
128686 4507
608240 4508
66398 4509
256056 4510
336685 4511
114311 4512
618178 4513
267419 4514
761340 4515
30809 4516
875407 4517
292560 4518
794353 4519
13759 4520
420410 4521
542897 4522
730013 4523
865034 4524
813330 4525
233926 4526
755223 4527
553595 4528
56666 4529
699657 4530
315548 4531
280306 4532
312746 4533
947732 4534
833760 4535
944985 4536
19808 4537
140473 4538
497500 4539
749349 4540
3111 4541
664352 4542
838370 4543
1015271 4544
811315 4545
776733 4546
890805 4547
943890 4548
967532 4549
167319 4550
931937 4551
700554 4552
693644 4553
115459 4554
237217 4555
262927 4556
443316 4557
178300 4558
620769 4559
312556 4560
330117 4561
883427 4562
670268 4563
639431 4564
362145 4565
691150 4566
366659 4567
784715 4568
919962 4569
507672 4570
878865 4571
809443 4572
705182 4573
658161 4574
118845 4575
641302 4576
582151 4577
382619 4578
348166 4579
927601 4580
442373 4581
153523 4582
565591 4583
622418 4584
45353 4585
650175 4586
251679 4587
165349 4588
533562 4589
229672 4590
268753 4591
809941 4592
647245 4593
693368 4594
417176 4595
950550 4596
575783 4597
158803 4598
174037 4599
739607 4600
37687 4601
284002 4602
428190 4603
710284 4604
761173 4605
342097 4606
702985 4607
419667 4608
673583 4609
565611 4610
617923 4611
642736 4612
126071 4613
452529 4614
998681 4615
560231 4616
36664 4617
333374 4618
611308 4619
850918 4620
652600 4621
736720 4622
942421 4623
60813 4624
612849 4625
539095 4626
289369 4627
242951 4628
531570 4629
686333 4630
525541 4631
203766 4632
1009184 4633
724055 4634
484190 4635
105325 4636
282769 4637
413121 4638
328297 4639
430373 4640
387201 4641
217575 4642
835595 4643
284627 4644
21789 4645
681336 4646
875236 4647
46561 4648
95800 4649
403782 4650
256336 4651
370977 4652
892932 4653
56528 4654
479950 4655
996729 4656
1007670 4657
488029 4658
411318 4659
811811 4660
149516 4661
475794 4662
82968 4663
674312 4664
17694 4665
252619 4666
930062 4667
719181 4668
617360 4669
291943 4670
3949 4671
764173 4672
788459 4673
354702 4674
485447 4675
801988 4676
99566 4677
439118 4678
776609 4679
958383 4680
155995 4681
943261 4682
678953 4683
164751 4684
273872 4685
308129 4686
250245 4687
681802 4688
29689 4689
867666 4690
179925 4691
241921 4692
51181 4693
347699 4694
148322 4695
1008610 4696
594634 4697
49793 4698
697470 4699
951415 4700
505044 4701
261155 4702
48571 4703
823301 4704
49270 4705
141783 4706
844676 4707
358178 4708
777423 4709
753506 4710
242895 4711
724119 4712
473553 4713
859685 4714
3745 4715
491092 4716
499698 4717
557574 4718
424601 4719
952516 4720
948677 4721
810115 4722
804849 4723
749321 4724
978089 4725
285754 4726
1010110 4727
241158 4728
247123 4729
798262 4730
380072 4731
416240 4732
481865 4733
334450 4734
252765 4735
127897 4736
340119 4737
586268 4738
717471 4739
804303 4740
791127 4741
426478 4742
482253 4743
557244 4744
900743 4745
199808 4746
549457 4747
807525 4748
385254 4749
959777 4750
923000 4751
785950 4752
971092 4753
508869 4754
230816 4755
922543 4756
385586 4757
276019 4758
877427 4759
860657 4760
26489 4761
142293 4762
812970 4763
439694 4764
15706 4765
621685 4766
781748 4767
194616 4768
234578 4769
688509 4770
287040 4771
393672 4772
250232 4773
698109 4774
142142 4775
456197 4776
692322 4777
113700 4778
593997 4779
26317 4780
978666 4781
225714 4782
989995 4783
204866 4784
248725 4785
722852 4786
271367 4787
350476 4788
620993 4789
727501 4790
192 4791
54466 4792
141144 4793
1003141 4794
240936 4795
816753 4796
629200 4797
623711 4798
534665 4799
146442 4800
895024 4801
482403 4802
592743 4803
305705 4804
908818 4805
396341 4806
924547 4807
494553 4808
361382 4809
699920 4810
158671 4811
916282 4812
579423 4813
332171 4814
74135 4815
23857 4816
387500 4817
278108 4818
679740 4819
72105 4820
8356 4821
341759 4822
828299 4823
413441 4824
386674 4825
369643 4826
81954 4827
641887 4828
846735 4829
309129 4830
89813 4831
311341 4832
963958 4833
782662 4834
491383 4835
1010737 4836
593317 4837
553044 4838
16297 4839
483750 4840
934742 4841
92092 4842
359160 4843
757895 4844
983505 4845
692581 4846
405179 4847
648816 4848
564218 4849
231826 4850
360468 4851
826275 4852
628300 4853
602254 4854
1003421 4855
929863 4856
892293 4857
26460 4858
524861 4859
140286 4860
586087 4861
40868 4862
62082 4863
202970 4864
799185 4865
564104 4866
191566 4867
119539 4868
70086 4869
947910 4870
439493 4871
989228 4872
770673 4873
214276 4874
563201 4875
279518 4876
1008380 4877
384850 4878
525109 4879
951435 4880
603744 4881
219652 4882
854160 4883
930478 4884
980412 4885
281427 4886
793520 4887
468838 4888
137763 4889
432086 4890
715792 4891
726710 4892
827334 4893
307747 4894
120990 4895
884688 4896
866322 4897
334266 4898
779067 4899
956568 4900
504883 4901
343889 4902
1005284 4903
187907 4904
600522 4905
814363 4906
1000637 4907
394067 4908
259985 4909
455559 4910
684545 4911
133115 4912
292526 4913
423615 4914
784912 4915
143235 4916
969146 4917
57150 4918
172369 4919
62913 4920
823494 4921
721884 4922
392860 4923
977563 4924
307596 4925
456665 4926
431852 4927
70413 4928
388433 4929
568678 4930
458083 4931
953411 4932
998511 4933
883362 4934
446761 4935
37530 4936
792576 4937
561294 4938
384429 4939
499015 4940
911830 4941
473429 4942
101526 4943
752561 4944
438269 4945
212472 4946
460466 4947
659013 4948
829496 4949
480861 4950
528994 4951
374356 4952
761506 4953
94375 4954
116379 4955
2440 4956
4429 4957
902066 4958
961193 4959
215373 4960
468269 4961
777625 4962
218974 4963
993223 4964
235653 4965
491518 4966
987647 4967
267938 4968
846863 4969
476922 4970
792631 4971
504786 4972
607410 4973
64317 4974
418027 4975
208976 4976
871489 4977
888903 4978
914512 4979
607821 4980
691861 4981
893846 4982
72104 4983
126229 4984
392805 4985
357643 4986
338885 4987
766448 4988
269255 4989
887382 4990
785085 4991
796458 4992
79617 4993
424157 4994
317221 4995
472539 4996
1009996 4997
634928 4998
371561 4999
392777 5000
43529 5001
450734 5002
136891 5003
426641 5004
910947 5005
800118 5006
399441 5007
452392 5008
973626 5009
109289 5010
923419 5011
250378 5012
35898 5013
247745 5014
88834 5015
543178 5016
223027 5017
695870 5018
783773 5019
974311 5020
253879 5021
824742 5022
431484 5023
905287 5024
105309 5025
894168 5026
801644 5027
101832 5028
122235 5029
177862 5030
27165 5031
704901 5032
996109 5033
510224 5034
593776 5035
444407 5036
957557 5037
388804 5038
973686 5039
872392 5040
704042 5041
746692 5042
811044 5043
972598 5044
757697 5045
887728 5046
319638 5047
833052 5048
127321 5049
796396 5050
384800 5051
544190 5052
875356 5053
860647 5054
609541 5055
768469 5056
701376 5057
420861 5058
785952 5059
288896 5060
97348 5061
971082 5062
511186 5063
856769 5064
367282 5065
755525 5066
57775 5067
339189 5068
272689 5069
582493 5070
84584 5071
420986 5072
653485 5073
256023 5074
610204 5075
298412 5076
212019 5077
626716 5078
965019 5079
51556 5080
357585 5081
938479 5082
675752 5083
924534 5084
15860 5085
140103 5086
361240 5087
734727 5088
76999 5089
287191 5090
524134 5091
642320 5092
173380 5093
608923 5094
973403 5095
775187 5096
617086 5097
417424 5098
482252 5099
573744 5100
180384 5101
786636 5102
133394 5103
426314 5104
629206 5105
435898 5106
110756 5107
888128 5108
781697 5109
766593 5110
756297 5111
36671 5112
646076 5113
991502 5114
323994 5115
833745 5116
11376 5117
453906 5118
733692 5119
664039 5120
195091 5121
365266 5122
314283 5123
766765 5124
839639 5125
485924 5126
477056 5127
235145 5128
361874 5129
351738 5130
348224 5131
317476 5132
667727 5133
370412 5134
413147 5135
562232 5136
461916 5137
297230 5138
332753 5139
151393 5140
345765 5141
148916 5142
525545 5143
714442 5144
16326 5145
146055 5146
207462 5147
246277 5148
237286 5149
437454 5150
552582 5151
661885 5152
178414 5153
869408 5154
590771 5155
582532 5156
768334 5157
735942 5158
60106 5159
981465 5160
612946 5161
171135 5162
943490 5163
606985 5164
579248 5165
555411 5166
739605 5167
830755 5168
290862 5169
929909 5170
234843 5171
900979 5172
648360 5173
314139 5174
923768 5175
499700 5176
249693 5177
643058 5178
515150 5179
373322 5180
463636 5181
241599 5182
866847 5183
683154 5184
1008410 5185
497345 5186
869870 5187
156157 5188
466820 5189
910005 5190
499290 5191
235085 5192
704451 5193
656557 5194
757390 5195
394014 5196
475647 5197
205417 5198
624323 5199
742441 5200
685341 5201
461380 5202
12525 5203
377194 5204
235649 5205
905982 5206
996934 5207
303743 5208
841753 5209
948598 5210
771207 5211
514210 5212
256548 5213
227793 5214
599930 5215
590996 5216
228495 5217
150920 5218
434526 5219
651165 5220
511118 5221
808370 5222
366574 5223
339557 5224
55399 5225
369401 5226
479175 5227
722580 5228
783283 5229
346831 5230
181750 5231
680607 5232
551176 5233
627006 5234
774220 5235
151559 5236
266836 5237
308792 5238
218509 5239
68917 5240
459852 5241
913887 5242
878540 5243
506438 5244
979146 5245
219676 5246
495528 5247
963197 5248
110509 5249
853843 5250
437768 5251
980830 5252
586808 5253
384481 5254
224057 5255
227260 5256
946985 5257
6605 5258
941730 5259
296255 5260
810738 5261
864320 5262
448575 5263
994546 5264
951871 5265
336279 5266
807469 5267
451448 5268
247974 5269
683096 5270
29106 5271
518325 5272
254145 5273
868717 5274
57716 5275
297209 5276
783120 5277
443391 5278
979272 5279
1017377 5280
776978 5281
868657 5282
158802 5283
48575 5284
1015255 5285
234646 5286
698834 5287
3768 5288
74286 5289
794584 5290
381570 5291
115956 5292
702054 5293
275375 5294
805995 5295
988716 5296
794010 5297
511647 5298
221787 5299
745149 5300
553810 5301
436249 5302
268109 5303
940868 5304
328891 5305
55288 5306
248493 5307
136788 5308
830436 5309
467665 5310
154773 5311
781782 5312
655871 5313
621764 5314
410045 5315
933512 5316
920581 5317
145105 5318
995560 5319
551269 5320
865146 5321
517811 5322
625865 5323
658939 5324
107027 5325
412847 5326
68437 5327
233687 5328
173625 5329
954501 5330
472549 5331
599105 5332
355122 5333
981019 5334
488288 5335
7523 5336
171097 5337
610867 5338
337958 5339
267394 5340
363918 5341
195419 5342
777604 5343
13152 5344
268198 5345
783210 5346
573171 5347
1002181 5348
586000 5349
370603 5350
446603 5351
116935 5352
224905 5353
903935 5354
94822 5355
412521 5356
876509 5357
343739 5358
335482 5359
28582 5360
775717 5361
1005156 5362
779424 5363
753533 5364
915657 5365
479606 5366
850396 5367
806696 5368
963383 5369
978723 5370
346362 5371
115331 5372
41130 5373
370342 5374
480627 5375
162661 5376
738745 5377
187751 5378
1010425 5379
807123 5380
979428 5381
145423 5382
537304 5383
585151 5384
23675 5385
252936 5386
122578 5387
555857 5388
27501 5389
240195 5390
971083 5391
851068 5392
177043 5393
837753 5394
418573 5395
75607 5396
614482 5397
52968 5398
884384 5399
80348 5400
264806 5401
662847 5402
3402 5403
202212 5404
217672 5405
438925 5406
902451 5407
788676 5408
107059 5409
335037 5410
76830 5411
614262 5412
346686 5413
178015 5414
712887 5415
534299 5416
879253 5417
87640 5418
537813 5419
280408 5420
263578 5421
374484 5422
697284 5423
104908 5424
638734 5425
599480 5426
148118 5427
744436 5428
196937 5429
400997 5430
848181 5431
606323 5432
366012 5433
947756 5434
9240 5435
202974 5436
412403 5437
355710 5438
49269 5439
787871 5440
642491 5441
49099 5442
871239 5443
516294 5444
283493 5445
576482 5446
152243 5447
59122 5448
625831 5449
987926 5450
283046 5451
276259 5452
456572 5453
997615 5454
802025 5455
412575 5456
344771 5457
625609 5458
214701 5459
105826 5460
674251 5461
90350 5462
347873 5463
902393 5464
891797 5465
429626 5466
813515 5467
458035 5468
84470 5469
109781 5470
94656 5471
986978 5472
211577 5473
822406 5474
90208 5475
925210 5476
956985 5477
237491 5478
232681 5479
641922 5480
109294 5481
859201 5482
1002506 5483
70742 5484
290219 5485
1008823 5486
959871 5487
651374 5488
723845 5489
703563 5490
339073 5491
524243 5492
689122 5493
384669 5494
741386 5495
66829 5496
920064 5497
159682 5498
859411 5499
394027 5500
1003236 5501
965731 5502
127915 5503
421721 5504
323904 5505
392779 5506
468696 5507
323669 5508
845584 5509
453083 5510
712232 5511
22939 5512
859305 5513
801768 5514
527103 5515
963224 5516
355920 5517
1001305 5518
290619 5519
715785 5520
592907 5521
943562 5522
194560 5523
503127 5524
82382 5525
665758 5526
666099 5527
273933 5528
95851 5529
508783 5530
455910 5531
478688 5532
622096 5533
455367 5534
694024 5535
927762 5536
927971 5537
606737 5538
921690 5539
147144 5540
759480 5541
37639 5542
469870 5543
965416 5544
351638 5545
903262 5546
512457 5547
871833 5548
770000 5549
870158 5550
401288 5551
626214 5552
244262 5553
13826 5554
617043 5555
148375 5556
694490 5557
761812 5558
892828 5559
260867 5560
311913 5561
734591 5562
128152 5563
228476 5564
796197 5565
70940 5566
207843 5567
946502 5568
395703 5569
493200 5570
184559 5571
885119 5572
702518 5573
910470 5574
341421 5575
969963 5576
768372 5577
761026 5578
411248 5579
781695 5580
258052 5581
240715 5582
337286 5583
866861 5584
419693 5585
652603 5586
330202 5587
913901 5588
488552 5589
405186 5590
720032 5591
106286 5592
60081 5593
28173 5594
238544 5595
242660 5596
419614 5597
474150 5598
345490 5599
738068 5600
422133 5601
964535 5602
357645 5603
166413 5604
1007375 5605
418506 5606
946471 5607
819577 5608
31963 5609
358045 5610
514788 5611
583120 5612
176012 5613
283854 5614
764076 5615
702477 5616
882174 5617
249236 5618
728922 5619
200179 5620
412916 5621
540070 5622
227658 5623
487827 5624
199105 5625
652626 5626
1008342 5627
718545 5628
378317 5629
135445 5630
909809 5631
553751 5632
716139 5633
112015 5634
691023 5635
9422 5636
758825 5637
953122 5638
719228 5639
558813 5640
50484 5641
421766 5642
424969 5643
717279 5644
22371 5645
176636 5646
375025 5647
183166 5648
444849 5649
270265 5650
242650 5651
287542 5652
285719 5653
283597 5654
752725 5655
818586 5656
134848 5657
323916 5658
521318 5659
776023 5660
272078 5661
993383 5662
35997 5663
245633 5664
161069 5665
873892 5666
804861 5667
452328 5668
336259 5669
994186 5670
104866 5671
433392 5672
902782 5673
511411 5674
193884 5675
255259 5676
56707 5677
1002918 5678
811920 5679
611968 5680
447559 5681
106603 5682
674041 5683
623420 5684
291838 5685
494781 5686
980155 5687
797772 5688
348723 5689
107365 5690
52522 5691
761127 5692
753286 5693
510284 5694
652134 5695
502928 5696
878037 5697
86920 5698
553002 5699
617254 5700
75778 5701
127104 5702
266407 5703
483223 5704
441447 5705
282103 5706
717278 5707
111465 5708
669723 5709
492400 5710
593365 5711
83515 5712
1006081 5713
543147 5714
912878 5715
630848 5716
37474 5717
647305 5718
903874 5719
284325 5720
752682 5721
487384 5722
67523 5723
515669 5724
471341 5725
555458 5726
481784 5727
55988 5728
790054 5729
1008477 5730
87325 5731
872421 5732
651956 5733
957655 5734
356041 5735
979782 5736
175708 5737
303518 5738
345135 5739
269895 5740
742622 5741
522843 5742
746125 5743
970861 5744
12726 5745
569850 5746
508765 5747
590414 5748
217660 5749
97329 5750
800033 5751
827541 5752
452569 5753
58908 5754
204507 5755
46201 5756
307276 5757
913747 5758
253920 5759
317078 5760
93548 5761
947843 5762
467170 5763
513447 5764
708149 5765
310813 5766
231176 5767
503794 5768
99156 5769
226019 5770
382940 5771
281864 5772
468478 5773
82228 5774
746903 5775
39299 5776
539989 5777
158792 5778
508574 5779
127567 5780
299433 5781
203666 5782
658390 5783
633591 5784
196648 5785
872394 5786
621336 5787
995052 5788
682785 5789
979460 5790
739580 5791
875284 5792
837930 5793
262884 5794
573786 5795
741590 5796
933305 5797
240190 5798
998432 5799
535585 5800
938509 5801
104370 5802
883138 5803
625254 5804
834661 5805
775815 5806
614771 5807
956791 5808
863272 5809
416937 5810
310860 5811
23652 5812
849943 5813
138120 5814
800681 5815
830420 5816
575572 5817
423180 5818
406672 5819
898568 5820
32374 5821
332496 5822
462450 5823
657453 5824
756026 5825
141416 5826
493684 5827
254649 5828
84905 5829
319960 5830
644334 5831
747431 5832
941759 5833
208644 5834
974096 5835
36314 5836
417168 5837
943270 5838
884072 5839
739338 5840
753199 5841
667782 5842
101384 5843
81525 5844
943265 5845
737959 5846
164073 5847
499992 5848
883500 5849
190245 5850
545253 5851
273342 5852
708368 5853
508048 5854
910821 5855
541877 5856
739283 5857
59771 5858
503189 5859
847279 5860
135517 5861
252272 5862
754910 5863
1010868 5864
469472 5865
835336 5866
417806 5867
509570 5868
71747 5869
834162 5870
207321 5871
231696 5872
65024 5873
130119 5874
273836 5875
49319 5876
37281 5877
563028 5878
323281 5879
639668 5880
280163 5881
479510 5882
992613 5883
882056 5884
798952 5885
789105 5886
158467 5887
1006677 5888
530267 5889
284212 5890
290585 5891
482841 5892
768587 5893
432428 5894
390148 5895
711435 5896
75072 5897
456682 5898
566190 5899
463210 5900
199575 5901
200742 5902
994134 5903
34148 5904
169372 5905
915060 5906
198731 5907
342445 5908
440607 5909
730162 5910
544202 5911
154816 5912
465988 5913
368262 5914
866874 5915
830434 5916
925779 5917
295518 5918
829302 5919
11007 5920
546437 5921
293879 5922
947724 5923
419510 5924
633298 5925
559913 5926
200837 5927
444198 5928
662304 5929
859690 5930
738609 5931
301212 5932
395024 5933
225057 5934
31643 5935
849843 5936
246948 5937
26977 5938
387857 5939
506183 5940
534259 5941
133081 5942
32313 5943
276084 5944
44726 5945
786731 5946
875539 5947
21159 5948
713546 5949
483980 5950
569752 5951
807988 5952
834492 5953
520047 5954
311782 5955
212890 5956
1007804 5957
79637 5958
467350 5959
102587 5960
581935 5961
189124 5962
507062 5963
982082 5964
273854 5965
557475 5966
678103 5967
341893 5968
903476 5969
209590 5970
68907 5971
376735 5972
742079 5973
20824 5974
697550 5975
700071 5976
743434 5977
709322 5978
217658 5979
510466 5980
674489 5981
771821 5982
541931 5983
106381 5984
27387 5985
384658 5986
371069 5987
963228 5988
768162 5989
991908 5990
652104 5991
884945 5992
841342 5993
971266 5994
203198 5995
450944 5996
789659 5997
82774 5998
439218 5999
735725 6000
754908 6001
462224 6002
509928 6003
826076 6004
378657 6005
254291 6006
452954 6007
110128 6008
585707 6009
201978 6010
80572 6011
90037 6012
392487 6013
251369 6014
431577 6015
472858 6016
868133 6017
445313 6018
383620 6019
1013381 6020
688023 6021
425793 6022
89909 6023
225551 6024
810467 6025
859981 6026
69968 6027
34568 6028
976075 6029
170411 6030
819111 6031
614339 6032
63528 6033
322013 6034
654156 6035
461332 6036
160236 6037
162087 6038
845799 6039
971365 6040
426290 6041
132973 6042
768378 6043
78668 6044
306422 6045
313518 6046
867718 6047
999594 6048
374011 6049
729536 6050
1014756 6051
877419 6052
364571 6053
472341 6054
213530 6055
874325 6056
801905 6057
17772 6058
966745 6059
436775 6060
47185 6061
942488 6062
856443 6063
26811 6064
1017471 6065
129043 6066
227898 6067
737517 6068
255438 6069
1007296 6070
581722 6071
721146 6072
386199 6073
165554 6074
770845 6075
948022 6076
252225 6077
149443 6078
58562 6079
324656 6080
980496 6081
140365 6082
927190 6083
765145 6084
413640 6085
450116 6086
1014274 6087
570858 6088
484933 6089
139745 6090
691294 6091
600356 6092
14433 6093
542838 6094
975960 6095
770986 6096
481422 6097
1011652 6098
112637 6099
336172 6100
328449 6101
317481 6102
445998 6103
231279 6104
